64 35 64 35 67 37 68 35 64 34 63 31 64 39 73 42 78 44 77 40 67 34 60 33 65 33 58 35 69 38 70 40 70 39 69 37 66 33 65 39 67 46 76 45 73 40 67 37 64 38 71 39 67 41 65 39 66 39 68 39 64 39 68 41 69 38 69 39 70 41 69 39 68 41 69 41 71 40 70 40 67 40 66 41 72 41 66 41 69 37 67 41 69 37 70 41 66 37 67 41 67 40 71 41 73 44 70 44 71 43 76 51 80 52 78 44 73 43 71 41 66 38 65 42 72 44 75 44 76 44 73 41 71 45 73 45 73 45 76 43 71 44 74 42 70 47 74 42 72 45 71 41 70 43 70 42 72 41 71 42 72 43 72 44 74 44 67 45 74 45 71 42 75 45 76 45 74 45 73 43 73 44 72 42 68 41 67 42 68 45 75 45 76 46 75 46 72 44
37 61 34 66 35 67 37 66 34 63 32 60 33 62 37 73 45 79 44 73 40 66 32 54 33 52 31 68 37 67 38 69 41 67 36 65 33 63 35 62 37 69 42 78 45 74 39 67 37 66 38 66 39 66 41 67 41 72 37 67 37 69 39 66 40 64 38 68 40 67 41 67 41 67 41 66 41 71 39 64 40 69 40 67 44 67 39 66 39 65 37 64 41 70 39 67 38 63 38 70 39 72 42 67 42 73 41 72 42 75 50 85 48 77 45 69 42 67 42 67 42 71 46 75 44 75 42 77 46 72 45 73 43 73 43 69 44 76 46 73 44 73 44 75 47 72 44 70 42 72 45 69 44 70 44 66 42 76 41 72 42 69 43 75 42 72 45 76 44 69 43 74 43 77 44 75 43 77 44 73 44 74 43 73 40 70 42 70 42 73 44 82 49 81 46 78 47 78
61 36 64 35 65 36 66 36 64 35 62 32 62 32 65 38 73 46 77 41 75 37 63 31 56 31 63 37 62 39 69 40 69 36 62 35 61 32 63 33 56 32 60 39 70 40 68 40 67 38 70 38 65 39 73 40 70 39 66 39 68 37 66 38 65 40 65 39 65 36 65 37 61 40 68 38 66 38 61 35 65 38 64 41 62 39 69 37 64 37 68 38 64 38 64 37 64 41 69 40 67 40 72 41 75 43 77 42 73 46 85 48 78 41 65 42 65 40 75 43 68 43 75 44 73 43 71 42 71 44 71 44 67 45 74 45 73 44 69 42 75 44 76 47 69 43 71 40 70 43 75 44 71 42 69 43 72 40 72 44 71 44 72 43 72 41 68 44 70 42 67 44 70 43 72 46 70 44 73 43 70 42 71 42 67 42 68 42 65 44 71 45 76 50 74 48 72 45
35 63 37 65 35 63 36 64 36 62 36 62 35 58 30 65 38 77 43 73 44 71 39 59 29 60 36 60 37 65 39 68 37 64 37 62 35 64 31 55 31 52 31 63 38 73 39 68 38 61 37 63 39 65 40 67 42 63 41 65 39 62 37 69 37 63 36 65 38 63 36 64 37 65 40 63 37 67 36 70 37 69 40 64 42 69 40 62 36 63 37 57 35 65 39 69 39 69 41 74 42 68 43 71 44 71 40 67 43 76 48 74 41 63 39 66 39 67 42 68 44 70 44 74 44 70 44 73 42 73 41 70 42 72 43 69 42 74 45 76 43 73 46 71 45 73 42 72 42 70 42 68 42 70 43 73 42 73 44 75 44 74 44 69 40 74 43 74 42 70 43 74 43 74 44 74 45 75 44 74 42 74 45 72 42 65 44 69 41 70 45 75 45 80 48 76 47 75
64 36 66 36 68 36 65 38 66 36 63 33 61 34 60 31 65 40 72 45 78 46 75 41 65 33 60 35 64 36 64 37 63 38 63 38 65 35 67 33 58 34 61 38 73 40 72 41 68 37 64 38 64 38 68 39 64 40 70 40 70 36 67 38 66 37 65 38 65 36 63 37 66 37 61 35 59 39 60 39 62 38 61 38 66 37 64 38 61 38 63 37 67 39 65 42 72 43 69 41 72 41 70 44 73 40 66 39 74 49 73 42 63 38 65 39 64 40 70 41 72 43 71 42 71 43 71 41 68 41 67 41 70 43 71 41 67 43 70 44 71 44 68 43 68 43 67 44 71 42 67 42 73 42 75 47 69 44 70 45 68 44 69 44 72 43 75 42 69 43 68 42 71 43 70 43 70 43 66 42 68 43 70 44 71 44 68 42 69 41 69 43 73 46 74 48 76 48
35 64 35 64 35 67 35 65 38 66 34 59 35 62 33 59 33 63 43 75 44 76 43 71 38 63 33 60 37 60 35 65 36 67 39 67 39 65 35 63 36 64 38 69 42 71 41 71 37 70 37 67 36 66 38 63 40 65 40 69 37 69 36 60 35 63 37 63 37 61 37 63 37 64 38 65 37 61 38 61 37 62 34 65 41 66 37 68 40 65 36 65 40 71 40 69 41 70 42 73 44 77 42 69 40 68 44 72 50 78 45 68 42 67 39 70 43 73 42 73 43 72 44 74 45 73 43 71 41 71 42 73 42 69 45 72 44 74 42 70 43 69 45 69 42 73 44 65 43 66 41 73 41 69 43 78 41 73 42 68 45 70 44 75 44 71 43 72 42 73 41 75 44 75 44 77 44 73 44 72 43 70 45 73 43 74 41 73 41 71 41 68 44 79 47 82 47 77
64 34 65 33 66 36 63 37 65 37 65 34 66 35 62 34 62 34 67 41 75 45 75 43 71 38 62 34 65 33 65 35 62 36 66 39 64 38 64 36 62 35 71 41 71 42 74 40 72 38 70 39 67 38 68 39 65 35 70 40 65 37 67 37 61 37 67 36 61 37 61 38 64 37 67 36 64 36 65 37 59 36 66 39 67 39 68 40 68 40 66 38 66 42 72 41 72 43 75 45 75 45 76 42 68 42 73 44 77 49 72 40 67 42 71 42 71 45 75 42 72 45 67 43 70 44 64 40 75 44 73 43 68 44 72 40 70 44 67 48 72 48 71 43 67 42 70 43 70 42 66 40 70 40 64 40 72 42 69 43 67 43 72 41 72 42 71 41 71 42 66 42 67 44 65 44 71 47 73 44 74 45 70 43 70 41 72 42 66 41 62 41 70 45 75 47 77 47
37 60 35 66 36 61 38 66 35 65 36 69 35 61 34 61 33 58 35 66 43 78 43 76 44 69 37 65 31 61 34 65 37 64 39 66 38 64 36 61 38 60 38 66 41 73 41 72 40 65 38 68 41 67 39 67 36 68 38 64 40 66 37 65 38 62 38 68 36 60 36 62 38 60 37 61 36 66 35 63 38 59 37 64 37 67 40 66 42 70 40 69 39 65 41 72 44 72 44 73 43 66 42 65 41 69 42 79 44 79 42 70 44 75 44 68 43 73 44 71 44 69 40 66 43 69 41 72 43 71 43 71 45 72 42 71 54 112 100 150 125 161 123 149 100 113 60 75 42 69 43 70 42 69 42 65 44 71 41 67 42 71 44 70 41 70 39 77 43 74 45 71 41 69 44 68 42 74 46 73 45 78 42 72 45 72 42 69 37 68 43 71 42 70 44 73 45 81
66 33 65 36 64 35 65 35 64 35 66 38 66 35 60 34 65 35 62 35 67 42 76 41 74 42 69 34 62 35 62 34 63 36 65 35 69 38 64 38 64 36 63 34 67 42 73 46 69 39 66 36 68 39 67 39 66 37 65 41 70 37 69 41 62 38 66 37 66 37 64 35 60 36 63 40 62 35 64 34 64 38 65 36 62 38 62 39 65 41 67 39 68 36 68 41 72 43 74 42 68 39 64 37 71 41 76 48 78 43 73 42 70 47 73 44 74 43 68 40 65 40 69 41 65 39 66 42 66 40 70 44 67 48 87 111 127 161 153 176 155 179 155 173 149 159 133 121 91 56 64 42 72 42 69 45 64 43 70 39 70 41 70 41 71 42 73 42 70 41 68 44 70 42 65 45 65 41 68 43 68 43 69 42 70 40 69 39 66 44 68 41 69 44 71 44 72 46
36 65 33 63 35 68 35 68 36 67 33 64 39 68 35 65 34 61 34 57 37 71 42 73 43 75 42 70 36 59 33 61 35 62 36 64 39 66 36 69 35 68 34 63 37 73 45 79 42 66 38 64 37 64 40 65 38 65 38 63 40 67 40 66 38 63 37 62 35 62 35 61 37 65 36 63 38 63 38 63 36 66 39 64 40 64 37 69 39 71 43 64 38 64 36 62 40 72 40 70 40 57 39 66 43 75 46 80 44 70 41 77 44 73 46 78 45 73 44 69 40 68 42 71 39 64 40 68 40 67 41 69 70 151 156 205 179 207 180 213 185 214 187 218 181 204 169 193 150 165 99 90 43 70 43 72 42 72 43 72 42 67 42 69 42 69 42 69 43 68 42 69 42 72 41 73 42 74 42 73 42 73 46 74 41 73 40 71 40 67 41 74 37 68 43 71 45 78
66 37 66 37 65 37 65 38 67 35 69 35 70 34 66 37 63 36 63 33 60 36 73 43 76 42 72 43 64 33 63 33 63 33 65 36 67 35 67 35 65 37 61 35 67 42 71 44 72 43 69 37 64 37 63 39 64 37 63 37 63 36 59 37 67 39 66 37 64 37 64 38 66 35 65 36 65 38 62 41 62 37 67 39 65 40 67 39 73 43 70 43 70 38 65 37 61 37 63 38 66 37 62 37 69 46 77 45 70 39 68 42 73 46 75 47 73 47 71 43 70 42 69 43 70 41 70 43 73 40 67 92 134 172 157 182 162 192 165 198 176 201 172 195 169 189 157 174 140 155 132 136 98 51 64 43 70 43 68 44 69 44 67 41 70 44 69 39 66 43 69 44 73 42 70 42 65 45 68 43 65 42 67 46 75 42 67 42 69 43 70 40 64 39 61 41 68 41
37 68 38 70 36 65 37 66 36 68 36 66 37 67 36 69 38 61 35 63 34 56 36 73 43 80 43 74 38 64 33 58 33 63 37 66 36 62 39 64 39 66 33 56 37 68 41 71 44 72 39 66 38 63 37 63 38 67 37 66 36 63 37 65 39 64 40 61 38 63 36 59 37 65 36 66 37 61 39 64 39 63 38 65 40 69 41 73 44 75 42 77 41 72 39 65 36 62 39 62 38 62 40 68 44 77 43 67 39 67 40 67 43 77 47 73 47 75 43 76 44 78 43 73 46 79 46 75 44 88 117 189 172 210 186 223 198 229 202 232 205 234 202 228 198 226 189 216 179 201 159 182 149 154 74 72 43 74 44 70 44 75 44 76 44 76 43 72 42 71 42 71 44 74 42 66 44 72 43 71 43 72 42 76 43 73 44 69 43 66 40 63 40 68 42 67 42 69
63 38 66 38 68 36 64 37 66 36 66 36 69 39 65 37 65 37 65 35 62 33 60 35 68 44 76 41 75 37 62 33 62 34 63 37 67 36 64 36 71 37 58 36 61 36 71 43 75 43 72 39 65 37 68 39 64 36 63 36 67 38 65 36 66 39 62 37 66 38 64 38 60 38 65 37 66 36 69 41 67 39 67 41 76 44 74 44 71 41 74 45 76 45 67 40 63 36 66 39 61 38 68 44 76 43 62 34 62 38 65 39 68 43 72 44 75 45 75 43 69 47 79 46 75 50 74 47 73 129 150 177 166 191 170 200 182 207 182 206 175 205 174 203 177 200 173 191 158 179 147 165 127 147 123 106 67 42 69 44 69 43 68 42 71 46 70 46 67 41 66 44 65 41 66 41 62 42 69 45 68 44 69 43 72 43 72 43 67 42 62 37 63 39 60 41 63 41
37 67 36 64 35 63 35 63 38 66 36 65 38 68 40 71 38 66 34 63 32 58 33 61 36 69 45 84 41 74 37 59 33 57 34 63 37 62 38 66 36 64 37 57 32 60 36 69 44 78 46 74 39 65 39 66 38 62 38 65 39 58 36 67 39 63 36 65 38 65 40 69 40 69 41 65 41 67 40 68 41 63 41 72 39 72 45 69 41 68 41 73 44 71 45 72 38 62 37 60 36 66 40 79 45 69 39 62 37 65 36 65 40 69 42 72 43 71 42 74 45 75 46 78 46 76 46 91 130 192 176 215 192 224 200 234 207 233 209 246 219 249 219 246 214 236 204 228 191 217 179 204 164 193 150 187 134 118 49 68 45 73 42 73 46 67 46 73 44 74 44 69 44 71 44 73 42 76 44 73 45 71 44 73 43 74 43 73 45 68 42 64 38 60 38 58 38 67
68 39 67 36 65 38 66 37 65 38 69 36 66 39 64 38 63 35 65 35 60 34 58 32 60 36 68 41 77 43 70 36 62 33 62 33 64 34 67 37 68 38 65 32 58 31 62 37 72 49 76 47 73 40 70 39 66 39 67 37 67 39 70 40 65 40 69 41 71 42 73 42 74 44 74 44 72 43 76 42 68 41 69 40 68 43 68 39 68 37 65 38 67 42 70 42 69 39 60 37 63 40 76 49 69 40 76 42 69 36 66 38 65 40 68 42 69 41 68 43 73 42 74 45 73 45 63 120 146 176 159 191 173 200 177 209 190 222 195 226 200 224 194 221 198 217 188 210 176 197 166 178 145 167 142 161 137 153 98 63 64 41 67 44 69 46 73 43 71 44 67 44 68 40 67 42 65 40 62 41 64 43 70 40 67 41 66 45 66 45 68 42 62 39 65 39 62 40
38 67 36 59 37 67 38 69 38 65 38 68 38 66 34 67 37 64 36 59 36 63 33 57 34 57 38 71 46 73 41 67 35 60 31 60 31 60 39 64 35 63 36 65 32 54 32 63 42 73 47 76 48 78 45 74 41 70 42 74 43 73 45 78 45 77 44 78 45 72 45 73 45 73 47 77 45 75 45 77 42 74 41 73 42 66 39 63 36 58 34 70 41 64 40 65 39 65 40 63 40 80 49 69 41 72 44 69 42 70 39 62 41 62 40 66 40 73 43 71 43 75 44 75 45 75 95 186 173 208 192 223 195 232 220 250 226 251 225 252 227 253 227 251 223 245 216 239 207 233 197 221 182 211 171 204 172 201 161 170 94 90 49 74 44 73 43 76 45 83 51 88 60 114 90 139 116 177 138 154 76 113 71 108 55 73 45 68 46 73 44 72 43 68 39 61 38 63
69 37 66 35 66 36 65 39 66 37 66 37 67 34 66 38 66 36 65 36 63 37 61 36 62 34 59 41 72 45 77 40 67 32 57 35 64 32 64 35 66 38 61 35 64 31 57 34 62 38 70 44 76 46 79 46 80 45 78 49 79 49 84 45 82 48 82 49 79 47 78 49 77 46 77 46 76 42 68 42 74 46 76 41 65 37 62 35 59 29 59 35 56 34 60 37 61 39 65 40 75 44 76 42 69 43 71 41 71 41 70 42 67 37 65 37 67 39 67 39 70 44 72 45 64 70 135 169 158 189 168 198 184 222 201 225 199 225 206 227 204 227 205 225 198 216 186 208 177 202 174 197 163 184 149 174 139 175 145 167 130 142 105 109 91 101 92 111 100 126 99 139 131 187 156 182 155 195 187 212 152 177 151 195 156 123 86 91 71 42 66 42 67 42 63 40 55 34
38 67 38 70 36 66 38 67 41 66 39 67 38 66 37 66 38 65 36 63 36 58 34 66 35 62 35 62 40 74 42 74 39 65 34 58 32 61 36 64 39 68 40 66 34 57 31 53 32 64 36 71 40 75 45 81 48 80 50 84 49 79 50 84 49 81 50 81 47 79 46 74 46 74 41 70 42 67 37 65 43 74 44 70 38 63 34 54 32 54 32 56 31 57 36 60 37 66 39 75 48 71 42 66 40 67 41 69 43 68 45 76 43 71 42 61 38 57 36 66 39 68 39 67 51 152 166 194 186 213 199 237 216 242 219 247 227 255 233 255 228 254 220 249 222 248 215 242 207 235 202 230 191 221 186 217 180 214 178 212 177 208 175 214 176 217 178 222 196 245 202 244 222 253 204 227 187 231 215 255 210 224 187 234 202 232 187 167 44 64 43 65 45 66 40 68 35 52
64 38 68 36 71 38 69 39 70 41 65 40 67 36 67 37 65 35 61 34 65 37 61 36 59 33 61 35 63 39 73 43 69 39 61 31 59 35 61 38 66 38 68 36 64 34 58 34 63 36 59 35 63 38 69 43 77 45 76 45 80 45 75 45 74 43 74 43 69 42 66 39 68 40 65 39 59 32 57 35 64 40 65 40 63 38 58 31 59 34 60 34 59 35 61 37 68 39 76 48 73 42 67 39 65 37 63 41 71 46 67 43 72 43 66 39 65 37 58 40 62 38 64 38 86 158 147 180 166 198 186 209 189 218 196 228 204 226 198 232 212 240 220 239 217 234 204 225 192 216 189 211 177 198 161 188 148 184 148 184 147 182 147 194 155 216 185 235 184 228 179 217 148 197 138 183 142 178 164 211 161 170 143 177 132 192 159 127 51 40 64 43 67 41 66 40 57 35
38 67 38 66 35 65 36 67 38 70 38 66 38 67 40 65 38 67 34 64 35 60 34 60 34 60 35 58 36 62 41 75 41 75 36 61 31 62 32 57 36 62 37 61 37 59 36 62 34 58 37 58 37 60 37 66 37 63 40 66 38 63 39 58 37 57 39 63 37 62 35 63 35 60 36 54 33 53 31 57 34 61 38 61 38 67 36 57 33 59 38 63 35 61 36 66 38 75 47 76 43 66 40 64 39 62 38 69 43 72 43 74 42 70 44 67 38 68 39 60 36 61 36 80 132 187 170 216 198 226 209 237 216 241 222 250 226 254 238 255 246 254 245 254 237 255 228 250 217 246 214 238 205 233 198 229 190 220 188 224 191 219 196 232 212 255 248 255 236 253 212 240 176 208 161 203 163 178 143 177 105 113 137 194 175 232 197 166 81 71 44 71 42 72 42 66 38 62
69 38 66 35 66 37 68 37 69 39 65 38 68 37 64 38 64 37 67 36 62 36 66 36 71 35 59 36 64 35 64 43 75 43 71 35 58 31 57 33 58 34 58 34 62 34 66 37 64 32 64 36 58 33 55 33 55 32 54 33 61 36 57 38 59 31 53 34 56 35 60 32 58 33 57 34 53 35 56 33 62 37 64 37 62 37 59 35 61 35 64 38 62 38 63 39 73 46 71 40 61 38 64 37 63 39 69 42 69 42 69 41 68 45 67 41 67 43 62 40 61 39 55 88 137 162 153 193 169 207 185 213 188 213 194 227 208 238 221 241 230 243 219 236 205 231 199 225 193 217 181 209 173 198 160 193 157 191 156 188 153 191 154 203 171 222 194 231 171 204 139 171 91 142 92 145 84 61 64 72 61 43 55 118 125 177 123 65 63 42 60 39 64 38 59 40 52 64
36 69 36 65 39 61 36 65 37 72 39 70 34 66 33 63 35 60 35 65 37 64 38 66 37 68 35 58 36 60 35 70 42 77 42 75 38 56 33 60 30 53 31 54 32 65 37 65 36 62 36 56 33 46 28 46 28 44 30 53 34 59 33 54 29 49 32 55 36 60 32 58 32 59 32 57 33 57 35 61 36 56 36 64 35 52 33 59 36 67 39 61 39 59 42 68 44 73 42 67 37 65 40 62 35 64 43 71 39 63 38 71 41 69 42 69 41 65 41 65 39 67 50 150 157 199 187 212 199 231 208 232 207 243 227 255 235 254 235 254 236 253 242 254 242 255 230 255 226 249 216 241 205 231 199 227 195 223 191 218 190 218 193 229 203 233 200 235 203 227 171 198 139 171 115 107 48 65 45 65 42 65 38 64 55 81 54 66 41 69 40 63 39 57 37 59 71 120
68 37 67 37 66 38 67 39 67 36 67 37 68 36 59 36 64 34 66 36 67 38 67 37 66 37 63 34 59 36 59 34 66 44 69 43 68 38 60 33 59 33 59 33 59 38 62 36 63 34 56 30 43 26 47 28 49 29 53 32 60 33 56 29 48 31 54 33 59 33 55 30 58 35 60 36 63 35 61 38 59 36 65 40 59 32 55 32 56 38 64 38 65 42 70 43 68 41 64 38 62 38 67 40 70 44 68 39 64 39 67 40 65 41 63 41 63 36 65 39 64 39 80 150 138 182 154 190 175 204 175 203 188 226 203 230 203 228 200 237 221 245 232 244 224 237 203 227 195 221 190 212 185 210 178 204 170 200 166 192 150 186 139 188 150 189 142 185 137 172 110 148 66 106 42 38 63 42 60 38 60 41 61 41 62 42 64 43 64 43 61 40 51 35 41 79 32 125
40 70 38 66 36 66 38 69 35 63 36 67 37 69 36 65 38 66 35 63 38 67 38 67 36 63 38 63 34 60 34 60 37 65 44 75 41 72 36 61 33 56 34 57 37 61 37 65 35 50 28 46 29 53 33 58 35 68 38 65 36 60 32 55 33 57 31 53 34 54 35 59 34 60 37 60 35 62 34 58 36 62 36 66 35 59 34 57 34 65 34 60 41 64 44 65 39 63 36 65 39 67 40 68 42 72 41 63 40 68 36 66 40 64 37 65 40 69 42 68 41 75 113 177 173 204 184 217 193 220 201 238 222 249 227 249 224 255 237 255 242 254 243 254 237 255 234 255 227 253 222 244 213 240 207 236 199 228 195 222 188 213 172 207 183 213 177 206 170 196 147 168 114 94 39 69 42 69 42 66 39 71 40 64 41 63 42 64 40 68 41 62 39 67 89 125 123 132
70 39 65 39 69 36 65 35 68 38 67 36 65 37 62 37 62 37 67 38 62 38 65 39 61 35 62 37 64 33 60 34 60 34 68 43 74 44 67 36 60 32 57 33 60 37 64 35 58 29 47 30 55 34 62 39 69 40 69 41 60 33 53 33 54 35 56 34 55 36 54 35 59 34 62 37 60 34 59 35 64 36 63 38 58 33 57 37 63 37 63 40 69 42 66 38 60 34 58 40 66 42 67 41 66 40 71 40 67 39 65 38 62 36 60 38 66 45 64 41 61 62 119 161 148 179 164 189 164 200 178 215 196 221 194 223 200 231 210 238 212 237 208 239 221 241 223 237 198 222 192 217 184 210 174 201 159 196 158 193 150 179 129 171 131 178 139 166 123 147 67 121 51 38 67 40 62 43 64 41 62 39 59 39 62 41 61 41 63 40 58 38 48 87 26 123 6 125
36 69 39 66 38 64 39 66 38 64 38 65 36 69 37 66 39 67 37 69 39 69 38 65 37 64 34 60 36 61 33 61 32 57 34 67 40 74 40 68 35 59 36 59 32 62 33 56 27 47 41 68 66 87 66 77 67 74 51 62 34 53 31 54 32 61 35 62 34 60 34 55 40 63 56 77 60 78 58 69 52 67 43 61 33 55 34 63 38 63 37 64 39 61 38 59 36 62 37 62 40 67 41 71 40 62 40 65 40 63 37 66 37 66 38 67 39 68 41 69 39 113 147 188 173 199 185 215 197 228 209 233 212 239 221 251 227 254 230 255 233 255 240 253 245 254 234 252 223 251 223 248 214 238 205 232 199 229 198 227 188 215 173 203 175 204 168 190 152 160 128 106 44 69 39 70 40 68 37 68 39 65 38 64 38 67 42 62 42 62 39 65 86 127 122 130 124 128
69 38 68 36 69 38 64 37 65 36 67 37 67 37 66 36 62 37 62 40 64 37 69 36 64 37 66 36 61 36 60 33 56 33 55 41 60 52 62 46 61 36 57 33 60 31 55 42 44 75 33 102 32 113 34 109 28 101 23 79 37 40 54 34 58 36 55 35 61 37 47 66 32 95 22 106 17 104 24 98 25 90 35 68 42 38 55 33 62 38 61 38 60 39 58 34 63 38 66 39 64 40 61 37 66 37 62 41 64 39 68 40 63 39 65 37 68 37 63 40 56 116 130 165 147 181 152 191 174 203 183 208 177 215 199 223 197 221 195 233 217 242 221 238 211 229 204 231 200 224 193 213 174 208 177 206 169 199 159 190 136 179 135 173 126 166 126 155 89 133 63 50 60 39 62 43 63 37 58 39 60 37 60 35 57 37 56 39 58 35 39 89 22 124 12 121 21 131
38 68 38 67 39 66 38 70 38 69 36 68 35 64 36 63 37 70 37 69 38 69 38 64 36 65 35 62 37 59 38 52 44 73 72 92 94 104 98 95 82 77 50 60 39 62 70 92 106 113 116 121 118 120 121 127 124 118 114 105 102 83 54 52 36 60 37 57 43 76 97 110 116 124 122 121 120 116 117 111 112 114 108 100 92 77 57 64 38 60 40 59 37 61 35 63 38 61 40 63 38 69 39 65 38 64 36 64 38 67 41 68 42 67 37 69 37 66 39 61 63 154 156 187 174 207 187 218 195 222 200 229 208 242 218 241 217 249 226 252 229 250 226 255 229 255 239 254 220 245 213 244 214 240 210 237 202 227 189 217 186 216 177 203 165 197 165 179 142 150 76 66 42 67 44 69 43 61 39 63 38 65 38 60 38 64 35 58 38 77 94 129 121 130 123 129 127 139
69 39 63 39 66 35 68 38 71 38 61 36 65 36 61 40 65 38 68 39 66 38 64 35 66 36 61 36 64 38 50 69 29 99 16 114 15 119 13 122 23 113 30 86 30 91 23 110 10 119 17 125 16 126 10 124 31 127 13 121 18 106 23 60 48 34 54 44 40 115 24 123 23 129 24 130 14 128 16 122 19 121 14 114 14 99 18 69 49 40 61 39 54 34 61 38 60 38 70 37 62 39 69 40 65 39 65 39 64 40 60 38 62 40 63 39 61 38 63 39 71 143 124 168 144 182 157 187 165 194 178 202 183 210 173 211 186 217 186 217 189 221 197 233 210 235 192 214 180 218 189 219 188 214 171 200 158 190 153 191 149 180 126 167 122 168 110 152 84 117 40 38 57 42 61 43 61 38 58 39 57 39 53 37 57 37 50 42 24 107 22 122 9 124 11 125 4 135
37 69 39 67 39 66 39 67 37 67 36 61 35 64 40 69 39 65 39 64 39 69 36 65 38 65 39 60 39 71 82 96 103 109 113 114 119 122 124 130 130 132 127 121 108 96 107 113 119 123 127 129 129 135 130 133 131 130 129 125 121 114 108 85 57 51 38 80 114 123 129 134 133 136 138 140 138 137 133 133 127 128 121 116 112 102 97 94 85 72 43 59 36 59 37 60 36 64 39 63 37 65 37 65 41 67 38 63 40 66 39 64 39 67 37 67 37 67 41 68 103 163 156 187 174 201 178 208 187 219 197 223 198 227 207 236 215 242 216 247 222 254 230 254 223 243 212 249 222 249 222 249 215 239 197 228 195 223 193 219 186 210 173 203 174 189 156 176 145 119 40 63 40 66 39 67 39 65 40 68 35 63 37 59 37 61 48 93 113 129 120 126 124 132 126 135 129 130
65 39 66 38 67 40 70 39 66 39 63 37 59 39 62 36 64 39 61 49 48 60 45 65 41 58 49 49 37 85 22 105 13 114 10 122 16 125 14 129 18 135 31 131 14 111 10 113 28 127 6 130 10 136 29 137 13 135 18 130 12 120 5 107 27 48 27 109 24 132 26 141 22 143 19 142 32 138 27 133 12 126 20 122 11 113 10 104 12 89 31 45 57 37 56 34 61 36 61 37 62 39 59 38 64 40 63 40 63 40 62 37 61 38 62 36 59 41 63 52 99 148 121 167 140 172 141 180 162 190 154 192 173 204 180 208 182 211 185 220 200 224 182 209 175 219 194 223 195 221 188 214 167 198 168 199 166 200 157 191 139 178 133 178 125 160 109 155 93 93 41 36 54 39 58 38 59 37 56 38 57 38 55 35 44 63 32 114 22 120 5 119 15 127 3 128 1 120
40 70 41 72 39 70 40 69 39 63 34 63 35 67 36 64 56 82 83 97 102 107 112 115 112 107 104 104 99 99 103 109 116 123 121 127 127 134 131 138 134 142 135 140 131 123 113 107 121 126 130 132 133 139 142 144 142 142 137 139 130 126 120 112 104 78 98 120 132 141 144 147 146 146 144 148 140 143 136 136 130 129 127 119 121 113 113 103 103 90 88 68 45 58 34 62 34 59 36 59 35 64 38 59 39 66 38 66 39 64 38 61 37 63 42 63 39 72 37 90 126 164 159 190 167 187 173 207 184 208 189 219 198 225 202 229 206 238 217 245 212 239 207 249 223 252 220 250 222 253 215 233 206 238 201 231 200 226 196 215 181 210 181 205 164 187 157 178 144 109 35 62 33 60 36 60 36 66 37 61 38 59 37 74 78 116 117 128 119 124 118 132 126 136 131 127 120 126
67 37 67 42 70 39 66 39 63 36 64 35 58 48 37 86 34 110 14 117 16 123 19 121 28 119 24 113 23 114 24 115 23 116 19 133 17 132 18 138 24 136 15 135 12 129 3 115 8 127 23 132 13 137 29 145 36 144 21 141 14 132 9 121 1 107 5 131 28 143 30 147 27 145 40 142 23 138 28 133 30 126 17 121 24 117 9 110 5 100 13 86 30 42 56 36 56 34 57 35 56 34 59 38 65 39 61 38 56 35 58 39 59 39 59 36 64 39 57 84 100 148 123 163 126 168 141 174 142 184 162 191 161 191 164 199 174 209 169 200 162 207 183 217 198 224 192 221 189 215 182 211 180 205 175 202 160 197 152 185 140 182 137 170 116 164 106 154 98 91 38 36 48 34 52 36 50 32 53 38 52 40 40 100 17 118 13 118 13 117 16 125 9 130 11 120 11 128
37 66 38 70 42 73 39 66 37 64 39 68 69 89 101 105 115 117 114 108 105 102 101 112 114 118 116 119 110 110 105 108 107 107 111 127 135 142 137 145 140 147 136 141 134 135 127 118 117 123 131 134 136 140 139 143 147 145 144 149 142 136 132 127 121 110 125 141 144 145 146 149 145 146 142 146 139 139 136 130 131 127 125 118 121 112 113 106 107 94 97 83 81 63 41 56 33 55 33 57 33 55 34 62 38 63 39 63 36 66 39 68 39 66 37 63 39 57 58 137 134 170 157 180 164 193 170 194 175 206 183 207 183 216 194 226 195 221 192 230 205 240 208 244 215 250 220 248 209 238 211 239 206 239 203 226 197 220 189 215 184 211 177 195 171 187 156 177 146 120 32 53 34 59 32 50 34 55 37 55 43 93 108 123 117 121 119 124 118 127 123 134 127 124 123 128 126 136
62 37 66 39 70 44 74 39 69 49 35 90 22 108 28 113 18 99 14 103 22 106 14 115 18 124 32 124 15 117 12 111 8 104 12 99 22 130 47 139 26 142 32 139 20 133 5 124 7 124 8 133 15 139 29 144 34 148 37 147 40 139 27 132 5 124 3 138 27 145 37 149 38 141 17 139 39 135 35 132 31 128 18 122 8 116 9 111 11 106 6 93 14 81 31 37 49 32 50 33 53 33 59 39 57 37 62 37 60 39 62 35 61 37 60 37 58 34 66 127 96 148 115 161 131 164 135 170 139 172 140 178 157 190 156 185 156 191 170 198 166 205 179 212 172 204 170 201 173 206 180 209 175 199 159 194 160 189 150 185 141 183 123 169 126 164 110 160 91 114 37 31 50 32 46 36 45 33 41 61 28 112 18 115 13 115 13 119 13 126 12 126 1 125 8 126 16 135
34 66 38 66 39 70 42 72 63 86 104 105 111 101 102 94 101 101 108 106 113 107 116 115 122 125 124 123 122 122 121 121 119 110 107 105 101 109 126 150 141 145 140 146 137 140 131 129 128 125 123 133 130 137 141 146 150 154 147 157 146 147 140 134 129 128 132 144 147 152 150 160 150 147 143 144 138 138 134 129 131 124 124 119 118 109 118 108 110 102 106 98 98 85 84 62 41 54 30 57 33 62 35 58 38 63 35 61 36 63 36 64 38 61 35 62 34 59 64 140 137 162 154 176 159 178 165 189 165 192 175 205 178 207 173 213 184 219 189 226 195 236 203 228 192 231 201 233 203 240 208 232 192 223 188 220 190 218 184 210 186 203 169 197 172 185 163 181 150 143 48 59 36 60 32 56 34 63 79 119 116 128 115 115 110 117 119 130 123 139 128 127 124 131 125 134 133 143
69 37 61 38 68 41 55 76 19 102 28 106 25 97 6 109 9 118 8 117 20 120 23 123 10 125 3 121 13 122 7 123 15 121 19 113 17 106 5 121 45 142 36 143 33 140 20 122 12 113 18 114 12 118 17 121 23 135 32 146 49 151 39 139 6 128 8 143 43 151 54 170 71 152 39 143 31 138 34 132 21 127 11 117 15 119 13 116 10 112 5 109 6 96 14 84 32 39 47 32 51 32 55 33 60 37 54 32 54 36 57 37 58 35 55 33 52 32 55 124 96 145 113 154 121 156 121 158 131 168 137 164 129 169 147 181 155 184 158 192 163 191 156 191 170 198 170 201 177 203 161 187 149 183 155 189 154 183 145 186 141 168 130 170 119 163 109 160 95 135 37 36 60 36 54 39 32 100 25 118 17 115 3 106 12 114 13 125 6 126 6 124 6 123 15 134 3 136
38 67 38 64 40 71 86 87 99 100 99 92 98 102 115 116 128 121 126 123 127 125 128 120 128 120 127 117 126 119 125 118 121 115 120 115 117 119 114 115 118 133 138 154 139 123 115 119 121 130 125 132 125 133 129 132 122 132 121 134 132 152 145 149 131 131 137 153 152 159 160 199 186 184 155 150 140 134 134 130 126 119 118 110 117 111 120 113 120 112 114 109 107 95 97 86 88 66 44 49 29 50 30 55 45 69 66 86 69 74 59 68 46 56 33 55 46 103 106 140 129 156 147 162 149 171 152 181 159 182 157 191 163 196 170 207 181 215 184 214 184 221 185 226 194 229 198 237 200 223 183 218 178 210 182 212 179 212 185 215 172 199 172 199 163 182 163 184 152 156 66 66 39 66 46 95 110 127 121 131 116 116 102 110 109 124 126 140 128 131 127 131 124 130 131 138 136 140
69 38 65 41 43 84 21 98 23 97 18 104 10 119 27 131 40 132 39 132 36 132 40 131 30 130 27 131 29 129 22 127 23 122 13 123 7 121 12 120 16 110 22 123 10 119 24 133 18 138 20 135 24 138 16 134 25 140 30 135 18 122 16 126 24 127 29 140 38 149 49 175 92 187 79 146 31 138 28 129 21 119 5 116 9 119 23 124 40 123 23 112 11 105 12 97 12 88 24 54 36 54 47 87 36 94 41 108 42 98 30 90 27 72 37 48 91 117 86 117 82 134 101 140 102 145 116 149 116 152 123 160 137 169 141 171 144 173 142 174 150 186 162 192 161 197 162 186 152 182 147 177 144 178 137 176 141 181 154 174 133 174 134 171 107 164 116 160 97 144 41 36 54 55 34 109 16 120 28 120 12 101 10 105 6 126 15 131 8 129 5 125 7 130 2 135 8 135
38 66 37 66 76 86 101 95 96 96 109 109 122 118 131 125 131 126 130 125 132 126 131 125 131 130 136 137 137 131 133 118 127 118 125 120 127 124 126 123 120 117 116 116 125 136 139 146 146 146 144 152 145 153 143 147 143 159 145 152 136 139 127 127 120 135 116 133 126 138 136 174 172 211 179 164 142 141 132 124 122 114 115 114 117 117 122 122 124 120 122 112 113 101 103 93 99 94 91 91 94 105 109 107 106 103 105 98 100 103 98 90 96 86 83 74 90 113 70 119 123 140 134 153 138 160 142 168 150 179 159 191 171 198 167 198 160 197 169 208 174 213 183 225 190 219 174 214 181 214 179 215 176 205 167 205 173 216 178 196 172 198 171 192 164 189 159 183 152 160 65 53 61 106 111 120 117 125 116 119 107 104 104 119 126 136 132 139 130 134 128 129 130 138 134 138 131 141
66 39 52 73 17 103 21 95 17 111 12 123 36 130 30 128 20 129 27 129 22 129 23 129 37 138 58 165 99 153 47 130 25 127 27 127 35 132 15 127 15 124 17 130 9 137 26 148 32 149 35 151 34 154 40 149 30 149 23 148 16 138 16 131 24 123 19 129 84 137 39 116 63 163 89 158 49 137 21 125 9 115 3 115 17 124 30 130 35 126 30 116 15 107 2 102 12 98 34 103 30 100 26 98 15 105 20 104 15 103 25 100 19 96 28 90 36 71 22 99 77 121 84 133 96 132 107 144 126 158 134 162 126 153 123 155 129 163 139 169 145 175 139 173 137 171 146 178 148 180 152 173 134 166 130 172 152 173 125 168 126 170 123 163 118 164 100 159 84 142 23 61 27 109 18 110 20 105 13 104 8 104 14 126 9 133 10 133 0 129 3 128 5 134 5 133 6 139
38 65 65 85 101 91 92 92 110 106 120 120 129 121 129 121 129 121 128 122 128 118 130 122 135 149 161 215 192 184 154 133 127 123 127 118 133 125 130 121 122 123 128 128 131 135 140 144 143 149 148 156 155 161 154 159 152 159 155 161 147 151 140 147 134 136 126 126 128 171 129 128 126 149 158 166 145 135 127 122 115 111 115 112 122 128 132 131 126 119 118 108 110 104 106 102 102 106 109 101 106 97 99 91 92 87 101 95 108 98 102 90 102 90 98 90 90 77 65 115 102 127 119 137 125 147 135 160 148 181 149 175 145 182 147 181 155 195 163 204 167 203 160 202 165 206 167 210 176 207 165 202 166 201 174 212 171 194 162 197 164 194 164 187 164 180 158 176 151 151 81 105 102 108 101 107 98 104 100 108 105 123 124 137 132 141 135 143 128 135 129 132 133 137 133 137 135 148
60 53 24 96 23 92 8 108 13 119 15 127 31 127 32 129 26 127 27 127 22 127 26 128 29 143 81 172 78 157 68 136 31 129 30 132 35 135 11 124 0 125 13 129 10 134 6 137 15 140 28 148 36 154 35 154 37 155 32 155 33 147 25 140 17 139 15 127 26 121 39 113 27 125 32 146 37 131 17 121 31 115 11 120 34 124 28 122 23 114 16 111 21 109 20 111 27 117 23 115 21 112 29 105 12 94 15 94 24 114 36 105 22 100 19 92 20 80 9 62 36 99 73 113 74 124 101 132 104 135 112 143 114 144 122 146 127 156 130 157 124 155 134 159 131 163 137 163 131 156 131 162 128 165 134 166 123 159 124 161 124 167 113 164 113 157 106 151 87 134 17 93 15 95 15 97 8 106 16 114 6 125 3 132 1 135 6 130 2 128 14 131 3 135 9 137 17 145
45 79 93 85 89 94 106 103 116 116 126 118 126 118 128 118 128 113 126 119 128 115 126 121 129 140 144 147 142 141 139 126 129 122 140 166 157 134 127 113 123 118 128 120 126 124 132 129 132 131 138 143 148 158 150 159 155 165 156 160 151 157 148 153 140 147 136 142 128 126 114 150 106 110 117 133 127 126 129 129 130 124 114 119 120 119 117 116 114 115 118 116 113 117 119 123 122 119 119 115 119 112 114 103 106 93 97 75 89 90 112 97 107 89 95 75 87 74 69 42 62 103 97 116 98 126 118 142 124 152 133 174 135 169 144 179 147 177 143 186 146 194 151 200 161 206 163 197 155 194 155 192 165 203 154 178 152 190 158 194 167 189 160 187 160 179 156 169 152 133 86 95 92 100 98 113 113 127 121 131 127 138 132 137 137 142 132 141 132 133 133 143 135 143 138 146 145 151
38 87 21 86 2 104 3 113 25 125 28 124 18 126 26 125 30 128 34 128 30 127 21 127 35 135 47 134 35 132 41 128 40 130 68 164 59 129 8 121 10 125 12 127 12 127 8 127 7 130 13 138 15 141 25 148 23 152 30 152 17 153 23 149 14 146 18 139 16 127 11 126 65 117 24 122 37 140 12 130 39 120 10 121 10 121 13 120 17 118 30 118 22 125 17 122 27 118 10 118 15 117 3 114 10 103 15 96 24 93 31 106 28 99 21 90 17 78 14 53 6 72 43 90 43 90 67 113 92 118 97 129 96 127 104 130 97 128 108 135 116 142 118 149 120 144 113 150 127 159 133 169 130 149 109 150 121 157 133 169 117 157 115 158 106 153 87 151 86 106 0 87 15 99 15 120 5 128 6 132 1 134 8 136 12 133 4 135 5 135 16 139 16 143 17 142 16 145
78 81 84 91 101 98 111 104 120 113 123 111 124 109 123 114 125 117 128 117 127 115 125 115 130 135 137 137 129 128 126 114 125 130 152 169 131 112 122 111 125 113 121 111 124 117 126 121 128 128 133 136 138 140 138 150 144 155 151 159 152 159 152 155 150 158 147 154 140 140 119 117 123 133 129 142 144 121 122 140 135 122 115 129 124 131 122 129 119 116 117 124 126 122 117 112 116 107 116 113 117 111 115 104 111 95 101 85 99 92 99 91 100 85 92 75 86 66 69 52 52 99 73 91 83 103 98 148 123 144 109 146 114 151 119 158 119 165 129 170 135 180 135 181 135 181 136 182 146 194 160 193 142 180 154 190 160 195 162 188 149 177 150 178 149 174 149 167 139 104 83 100 102 125 122 134 131 141 133 145 138 145 136 147 138 145 138 142 133 145 141 149 145 154 147 152 142 153
25 78 10 101 5 106 22 120 24 121 34 122 27 120 32 124 29 126 32 127 29 124 25 125 33 135 43 130 41 125 36 124 29 134 76 139 12 122 5 119 4 120 11 123 17 126 0 126 9 130 15 132 17 136 7 140 28 147 23 155 35 153 32 153 28 153 26 147 20 137 13 114 33 137 66 134 11 117 29 126 14 119 23 115 35 117 25 119 18 119 22 123 17 112 33 110 25 111 16 114 14 114 13 114 19 111 21 103 16 101 31 94 25 93 21 85 12 76 8 60 20 76 38 54 33 72 42 86 74 100 60 100 72 107 81 114 96 123 101 127 100 127 108 130 111 136 114 147 120 146 103 135 104 148 116 151 120 157 113 141 91 143 94 148 91 146 90 145 52 89 5 105 7 126 4 132 0 134 2 138 12 134 1 138 3 138 8 138 12 143 13 148 16 147 26 142 10 143
77 80 96 94 106 103 117 115 122 113 123 108 121 110 122 111 125 113 127 117 123 115 123 116 123 134 134 128 123 110 121 113 130 145 142 112 119 109 117 110 118 113 122 113 124 113 122 118 127 122 128 125 128 132 135 143 143 150 150 160 156 165 156 170 156 166 156 160 147 150 134 136 118 144 145 120 112 116 115 119 114 121 117 114 112 112 115 111 112 115 116 110 110 105 104 100 109 107 111 104 111 94 112 101 111 100 113 97 102 88 103 93 91 74 83 65 77 61 70 47 50 49 54 64 44 72 62 95 67 114 87 134 86 133 98 141 109 155 113 162 122 171 127 176 131 184 144 188 135 177 135 178 139 179 138 179 150 181 140 170 142 170 144 167 142 166 143 156 115 91 105 129 126 137 133 146 136 149 135 142 135 142 138 148 140 147 139 153 147 157 150 157 145 153 142 147 143 156
11 92 6 103 23 116 39 122 32 124 30 122 25 121 26 123 31 127 39 124 27 122 26 118 18 128 52 126 39 120 40 127 66 157 30 117 13 119 7 117 12 123 22 124 14 124 18 124 15 128 17 128 9 134 18 140 25 146 24 153 29 156 38 159 37 158 46 156 33 145 15 133 8 123 20 121 25 118 13 122 24 127 13 126 29 122 16 118 7 116 20 108 17 108 19 106 21 109 7 110 16 110 14 108 18 113 27 110 20 101 39 103 26 81 16 77 7 71 6 61 7 38 14 23 37 42 27 50 44 73 50 70 45 80 66 95 82 103 89 113 100 123 103 128 104 129 92 121 89 125 101 140 111 140 110 146 107 137 98 142 100 146 92 138 88 142 72 136 12 101 8 125 4 134 12 138 11 135 18 134 12 140 14 141 11 141 21 152 29 152 29 145 34 142 24 146 36 150
85 88 100 99 113 109 121 111 121 107 118 105 119 109 117 107 123 113 121 108 121 115 118 107 116 127 129 124 121 111 123 142 157 143 118 100 118 102 117 103 123 117 129 119 126 118 127 120 131 126 135 122 136 131 136 138 143 147 150 158 156 165 159 172 161 172 161 169 153 160 142 154 133 139 127 134 128 132 125 134 130 138 134 132 133 135 133 132 126 123 118 114 115 102 112 107 110 99 109 99 110 100 110 95 108 92 112 97 106 90 103 94 97 77 76 61 68 56 66 46 51 32 28 21 27 48 34 50 40 72 56 94 65 118 83 131 100 143 109 157 114 163 120 164 116 160 116 163 121 167 125 171 137 176 141 164 128 158 135 162 144 164 137 161 141 158 142 131 100 118 121 137 135 153 139 150 139 145 139 147 141 150 141 152 142 154 152 167 156 156 147 150 145 152 143 154 148 159
10 96 19 111 37 120 32 119 32 117 41 116 24 114 25 119 30 119 27 118 25 120 14 115 15 122 39 121 37 123 44 136 45 120 4 119 12 115 4 118 33 129 32 130 29 128 26 134 23 137 28 137 27 137 26 141 30 146 27 152 37 156 41 164 46 161 45 158 29 148 21 141 22 135 10 133 12 131 16 133 15 138 27 138 25 139 40 138 33 131 25 124 34 121 20 113 31 111 21 111 24 113 31 111 33 109 28 111 32 102 22 102 31 89 12 71 4 66 3 61 9 44 10 25 27 28 44 31 41 32 31 38 27 55 52 79 69 90 74 94 77 100 76 108 82 115 82 119 86 120 89 125 87 129 88 125 79 125 85 131 89 136 77 136 70 135 61 103 3 117 0 132 14 139 6 140 3 141 7 145 8 146 5 147 22 156 31 154 34 147 25 146 25 142 27 146 25 153
92 91 106 106 116 108 120 106 112 104 113 98 112 101 117 106 120 110 118 110 119 106 114 102 112 102 114 108 118 125 130 123 125 103 114 101 115 103 114 109 127 117 129 117 129 117 130 127 135 131 135 132 139 133 140 141 143 147 150 151 152 165 157 170 160 175 164 173 155 165 144 159 142 152 139 150 135 140 134 145 137 144 142 150 144 148 147 151 141 141 130 117 124 120 122 109 117 96 111 97 111 102 112 98 111 96 111 98 110 87 96 92 100 88 77 55 69 57 63 52 54 31 34 23 22 40 27 48 31 46 35 47 37 64 47 87 58 111 72 128 88 139 103 149 111 150 115 155 118 159 121 158 122 153 127 154 128 146 126 150 123 148 129 150 129 145 111 96 111 129 128 142 135 146 140 152 141 151 145 156 147 161 151 165 155 167 154 161 150 153 147 155 145 155 145 156 151 156
9 102 34 116 36 117 34 114 21 109 21 110 19 113 29 117 32 118 29 119 20 115 25 112 11 109 24 111 20 122 26 123 26 115 4 114 0 113 14 121 33 128 24 127 25 129 29 135 40 148 59 149 49 141 35 145 39 150 43 159 49 159 41 163 61 168 51 159 34 148 13 145 27 141 26 144 25 138 19 136 18 143 33 147 49 159 75 160 66 147 43 124 34 122 47 120 35 111 42 111 37 114 39 107 38 109 33 109 35 102 29 95 30 95 17 67 16 66 6 60 6 45 7 27 20 26 43 28 39 33 36 30 38 31 31 44 39 58 50 71 60 89 66 105 73 115 79 119 82 121 73 121 73 121 79 122 72 119 73 113 61 118 67 127 57 116 1 100 0 127 7 133 13 139 8 143 19 143 19 145 17 152 34 154 38 152 38 150 31 149 38 149 30 147 23 147 35 148
96 100 114 107 116 105 116 101 112 100 108 98 109 96 112 100 116 104 116 108 115 101 111 106 110 98 111 104 115 107 120 110 119 100 112 97 111 101 116 113 127 116 126 112 128 115 135 147 159 203 185 192 166 182 166 180 173 198 185 210 184 210 182 189 174 187 164 169 153 162 145 159 145 153 144 156 144 146 140 148 143 151 146 164 159 183 170 186 167 165 141 134 124 119 124 109 113 100 109 96 109 95 110 94 106 91 105 94 104 90 96 79 95 86 85 53 68 51 63 45 55 37 36 24 23 28 28 44 27 42 33 50 25 41 28 43 37 71 53 103 73 114 90 125 110 140 115 144 114 142 118 144 117 140 117 134 112 131 113 138 114 140 121 139 116 88 90 114 119 134 133 142 137 146 143 152 142 155 146 164 153 162 155 160 154 161 151 160 149 161 152 161 149 159 149 159 148 152
6 109 49 117 29 114 31 111 23 111 24 106 21 111 28 109 26 116 25 115 25 111 18 111 25 111 12 113 28 116 26 119 15 111 2 110 4 112 17 123 34 127 17 126 24 135 57 160 109 202 145 203 123 206 124 187 127 203 113 203 110 200 88 171 58 164 46 153 22 147 21 145 25 144 38 149 33 145 31 140 38 146 59 166 67 154 75 174 85 157 65 139 54 126 58 121 29 108 36 105 37 108 35 107 32 104 34 104 27 103 27 93 12 91 23 70 15 64 9 58 4 50 6 30 18 21 38 25 44 25 39 36 48 28 36 22 31 33 35 53 32 63 43 76 46 88 46 100 51 103 57 109 59 105 57 107 54 113 55 110 49 111 36 105 6 80 2 110 4 125 6 134 7 139 11 142 13 151 15 151 30 154 33 150 32 151 39 152 35 150 48 154 35 152 41 148 30 146
100 101 118 106 115 107 113 104 109 97 108 101 125 114 110 99 111 104 113 99 111 103 111 103 109 99 110 108 113 111 119 104 112 94 111 97 111 102 117 108 126 112 126 112 130 140 152 195 199 228 199 218 194 210 191 211 192 207 191 199 179 193 161 167 157 162 153 162 148 152 149 158 147 155 148 156 148 149 142 144 143 164 167 175 147 176 172 187 165 181 156 152 133 134 128 118 111 95 105 92 103 92 105 87 105 87 102 91 102 81 98 76 87 77 83 61 63 50 60 45 52 41 39 25 26 25 24 43 24 40 22 41 40 60 22 111 29 136 38 121 73 106 73 81 67 79 72 92 86 105 91 102 92 116 111 126 116 121 107 116 105 125 116 111 77 88 103 125 122 138 131 150 137 152 144 158 148 151 141 161 156 160 148 157 151 163 152 163 151 159 152 163 154 165 151 156 146 154
14 111 45 114 30 113 26 111 27 108 24 108 44 114 26 111 28 112 38 112 24 110 16 109 13 111 18 115 31 117 34 112 12 110 11 109 17 115 22 123 22 126 32 128 28 140 64 168 102 182 85 168 81 156 92 186 97 176 76 165 58 159 37 151 33 151 28 148 20 145 30 145 40 146 36 149 41 145 36 146 55 157 78 152 62 163 96 166 93 167 90 145 56 127 59 119 35 107 38 101 36 101 29 104 33 101 32 101 32 99 29 92 9 84 20 72 10 62 0 55 2 47 7 34 17 23 32 24 38 24 35 20 32 24 26 22 34 26 31 42 54 89 59 108 45 99 36 80 23 69 34 104 43 123 34 119 29 100 29 87 28 99 41 108 37 99 0 120 2 130 1 134 8 143 30 132 27 81 17 107 33 145 41 153 35 154 40 153 43 152 35 152 37 153 43 148 37 144
99 94 116 104 113 102 109 100 109 95 107 96 110 98 109 97 112 100 112 99 110 100 109 100 109 109 116 107 114 107 117 96 108 96 107 97 114 103 120 109 125 115 127 120 131 138 143 156 151 155 148 156 151 161 159 170 160 164 155 164 155 155 149 153 150 153 146 154 145 151 145 150 146 156 144 152 147 153 143 151 149 156 150 160 155 172 166 185 163 167 148 140 126 117 120 109 110 93 104 89 100 86 102 85 101 87 98 90 99 80 97 78 83 65 82 65 59 52 56 48 52 37 41 24 27 20 22 37 22 41 21 91 22 139 22 153 31 162 34 163 37 150 91 137 121 128 116 125 100 101 120 136 127 123 123 116 107 101 92 83 86 81 90 99 109 136 109 130 126 142 133 147 131 176 110 191 104 183 94 171 84 146 121 155 152 163 155 166 155 166 151 163 151 161 151 156 147 148
16 108 38 111 27 111 23 108 19 105 25 107 21 110 28 109 31 113 36 111 29 110 19 110 18 110 24 116 26 117 20 106 10 107 10 114 14 120 37 125 34 127 20 127 27 130 47 145 54 140 45 140 54 145 50 146 46 144 40 149 40 146 31 144 30 143 27 142 12 143 25 143 31 140 38 145 58 148 43 134 44 139 53 142 71 152 95 157 69 139 58 127 52 114 58 113 42 104 34 98 29 98 33 98 32 95 32 93 29 99 24 92 10 79 17 71 7 52 13 53 4 43 6 34 9 22 24 22 35 20 29 24 32 21 38 29 48 43 54 42 49 47 48 116 53 124 36 120 32 128 49 131 35 107 27 94 20 80 19 76 22 78 30 75 61 120 48 113 25 130 18 123 32 97 22 104 11 97 22 97 19 87 19 80 44 156 44 153 44 153 33 152 39 152 36 148 36 141
105 104 106 102 110 100 108 97 105 96 104 96 107 97 110 99 110 101 110 101 110 100 107 104 110 102 114 107 115 101 108 93 105 91 107 103 119 111 123 115 127 114 124 121 127 133 136 148 139 141 137 147 143 152 149 149 140 149 145 151 146 146 142 142 139 148 143 144 138 151 140 146 141 144 138 147 147 146 132 122 125 125 127 136 139 145 149 157 135 130 126 118 114 107 113 106 103 89 99 79 96 87 95 84 95 93 91 79 98 83 93 74 82 65 79 65 56 45 54 41 49 38 38 24 26 19 20 30 19 85 21 132 18 144 20 161 45 167 46 172 48 163 71 155 124 139 129 138 126 127 121 125 113 109 92 95 75 90 80 87 77 85 78 76 67 98 104 135 119 146 115 186 103 193 105 206 106 213 116 219 112 207 91 165 95 156 158 169 154 164 152 160 151 157 146 155 144 149
21 106 25 108 24 109 17 106 20 103 10 103 14 104 21 108 28 107 24 111 19 106 17 110 22 110 20 114 35 111 11 107 11 104 15 113 26 122 32 127 39 126 29 127 33 130 48 139 45 137 39 142 58 147 46 140 25 139 32 141 42 138 29 135 21 140 29 135 26 139 21 133 31 136 34 135 55 143 48 117 37 117 45 125 53 125 59 135 54 120 45 117 57 111 49 107 47 99 34 96 30 97 30 95 36 97 27 88 29 91 28 93 10 78 6 70 7 50 9 47 7 42 6 31 17 22 24 20 28 21 27 23 31 18 48 42 58 41 59 50 57 42 38 103 57 129 38 114 38 116 35 115 42 110 20 86 18 66 8 54 9 71 14 77 21 74 44 107 53 116 31 114 28 101 13 106 41 116 41 125 63 102 1 87 6 83 24 151 58 153 41 148 36 148 29 141 27 138
104 97 104 103 108 100 106 95 104 93 99 90 100 92 103 93 107 95 109 95 109 96 106 99 109 102 113 106 116 99 108 95 101 93 111 102 121 111 123 116 127 118 124 118 125 129 134 144 138 143 137 152 143 152 140 136 136 138 134 138 139 140 134 140 132 146 135 140 137 131 129 127 131 125 128 124 133 129 127 101 109 101 113 107 118 117 123 117 117 110 113 107 113 102 108 96 101 80 96 78 91 81 95 79 96 96 86 82 91 78 92 75 82 62 77 62 57 43 46 36 44 27 34 22 25 21 18 56 24 117 20 138 14 147 34 156 45 164 44 177 48 168 50 147 126 133 100 111 112 120 112 133 124 114 87 92 72 56 37 44 55 75 83 100 79 80 85 105 109 185 103 179 103 192 108 202 118 226 119 226 117 221 86 201 82 142 49 87 137 165 150 156 142 149 141 142 136 138
16 105 27 107 25 109 26 104 18 98 20 97 13 100 18 103 24 106 34 109 31 107 17 106 17 112 28 118 35 110 14 105 4 103 25 121 28 121 36 127 29 125 26 127 31 128 43 136 42 137 39 140 48 136 28 131 29 132 29 132 28 133 20 129 29 138 23 133 43 125 30 119 38 116 37 120 46 128 45 111 38 106 39 110 46 113 54 115 43 109 45 107 47 109 46 104 43 96 36 89 24 92 26 91 35 88 19 87 27 91 25 90 22 75 7 68 8 48 8 45 5 38 16 30 14 19 20 22 21 20 25 13 28 23 53 40 60 40 57 59 69 58 62 74 36 92 45 115 30 109 31 111 29 83 34 78 13 42 14 54 4 79 2 104 23 77 22 88 49 111 17 108 38 112 33 112 28 132 72 124 31 86 0 74 3 84 27 26 6 131 46 145 31 136 28 135 17 125
102 93 104 102 109 97 106 94 104 89 98 85 97 85 99 86 103 93 102 94 106 98 107 99 107 101 111 107 113 94 103 88 101 93 114 114 119 110 123 116 124 118 123 125 129 139 133 142 135 134 133 138 131 134 129 128 129 125 127 132 131 132 126 136 115 143 71 153 51 150 54 149 44 156 37 143 72 128 109 96 103 91 105 99 108 103 113 106 111 98 107 99 106 96 104 92 99 79 92 75 89 74 91 85 89 77 85 73 90 74 90 74 81 67 74 62 56 49 42 28 38 30 33 20 25 35 20 100 18 120 13 130 13 142 33 154 44 163 40 169 93 205 68 117 41 120 109 143 120 141 119 116 104 118 83 73 54 39 50 58 69 90 95 113 111 118 73 142 115 169 106 181 115 202 123 200 109 225 112 239 90 221 73 207 71 164 67 54 31 75 134 146 134 137 129 138 124 133
14 103 2 103 18 106 17 103 20 100 14 96 10 97 9 99 11 101 26 103 26 105 22 106 26 108 32 116 30 106 15 98 3 105 36 121 30 120 38 125 32 122 25 125 30 133 42 133 37 131 32 132 24 126 31 123 25 125 17 126 29 113 17 47 42 19 54 28 42 19 55 36 84 55 90 50 68 25 43 80 41 103 43 102 42 107 43 111 46 107 44 104 48 102 49 101 37 94 23 88 30 88 30 88 33 86 26 86 32 88 28 88 28 69 14 69 15 46 9 40 12 34 6 28 8 19 22 19 22 11 22 12 21 19 45 37 57 43 56 40 71 105 80 71 59 62 40 72 55 109 35 109 44 123 22 66 9 43 7 64 1 84 7 103 17 114 26 99 15 99 56 128 45 125 55 119 32 109 24 93 1 75 3 72 4 69 26 47 13 35 23 133 20 125 17 121 6 119
102 95 102 98 105 94 105 94 99 89 98 82 94 83 98 86 98 88 99 89 100 91 103 93 106 96 112 101 106 93 101 87 101 98 118 106 119 112 124 118 124 115 122 123 129 137 133 130 130 130 127 128 126 121 122 117 119 122 119 130 90 147 17 164 26 169 51 173 43 176 51 187 71 193 99 187 79 173 18 152 59 101 102 92 101 95 105 100 106 94 102 92 101 91 98 88 97 75 88 71 86 74 87 78 88 80 85 69 85 72 84 74 80 58 69 65 56 49 38 30 35 23 30 18 22 77 19 107 11 121 12 126 14 138 28 148 38 159 49 168 39 165 69 225 106 157 44 137 56 126 99 120 118 116 89 74 51 51 56 70 79 97 98 118 107 152 100 158 96 168 133 172 123 200 124 209 115 229 99 231 81 217 73 207 74 160 80 134 43 43 35 108 127 130 119 126 116 121
9 100 8 104 20 103 20 98 17 97 9 95 7 95 8 97 14 97 19 97 15 98 17 101 26 106 41 112 12 100 11 97 7 111 47 120 37 119 34 124 24 122 20 123 24 127 35 128 31 122 28 123 23 116 21 116 10 113 17 66 32 13 51 39 57 57 75 35 82 67 80 53 67 56 94 80 104 71 53 13 35 61 44 99 39 101 47 104 44 101 34 99 37 99 40 99 44 90 29 85 30 87 32 86 25 83 20 84 33 83 32 85 27 69 9 64 14 46 10 36 10 28 15 23 14 19 23 15 23 10 21 12 25 18 39 33 54 45 63 48 53 37 51 79 87 53 43 33 23 47 30 101 45 108 11 74 8 53 4 73 5 95 4 101 30 102 13 97 59 141 76 120 49 124 36 116 30 103 8 87 2 76 1 77 9 52 7 134 28 23 9 58 25 119 8 115 2 110
102 93 103 98 105 91 100 84 97 90 95 80 94 88 97 85 96 82 94 81 94 84 97 94 103 98 111 96 99 87 95 82 102 108 119 109 118 109 121 114 122 118 120 121 122 125 123 119 121 118 120 117 115 112 112 112 110 126 60 149 16 167 36 176 49 200 69 177 50 197 76 214 80 192 61 185 51 177 47 167 16 153 69 97 97 86 99 91 101 85 97 85 97 81 97 76 93 74 84 68 85 71 85 73 83 80 80 70 83 69 83 70 76 57 68 61 54 51 35 25 33 23 26 37 19 89 16 106 8 121 8 129 14 133 28 146 39 152 45 159 49 161 45 176 62 162 45 151 20 129 62 108 98 102 81 77 61 61 67 84 87 107 97 141 111 161 97 156 141 177 123 175 116 187 122 206 105 223 90 230 84 218 76 206 62 121 84 135 118 72 22 49 99 124 114 113 107 106
5 104 20 105 12 104 23 100 16 96 12 95 7 99 24 97 19 95 16 94 17 95 14 98 26 104 45 105 9 96 4 98 18 113 49 114 29 118 38 122 20 119 23 119 28 119 21 119 23 118 20 115 14 110 4 106 23 56 31 15 40 29 55 51 71 71 57 42 74 90 83 157 95 88 119 65 57 43 58 39 38 16 54 55 38 97 38 99 40 95 40 96 42 93 41 91 33 84 28 80 25 80 28 83 35 79 27 81 32 81 31 78 15 69 5 61 16 46 14 31 7 27 9 19 19 14 19 9 22 8 25 11 29 24 37 32 49 40 55 45 58 42 46 57 60 52 49 32 43 23 30 80 33 74 27 82 7 63 4 83 8 92 10 109 20 97 18 131 92 123 41 115 23 116 53 129 0 89 8 95 12 75 11 72 3 48 15 123 11 82 2 29 13 115 11 105 29 96
105 108 105 100 106 97 101 90 97 86 95 86 95 90 100 83 98 78 94 82 94 84 95 84 97 87 107 90 96 84 95 85 105 101 116 104 115 108 120 111 119 117 119 114 119 113 117 114 116 110 110 110 109 108 104 129 48 148 16 162 20 168 39 187 70 176 38 178 58 205 125 238 112 211 144 212 55 179 38 172 31 162 30 159 42 112 93 86 95 83 92 83 93 79 90 77 86 67 80 63 79 67 80 70 81 74 77 69 79 71 79 63 71 55 64 53 53 53 37 26 27 24 21 68 14 94 8 106 8 117 11 122 14 129 28 140 37 147 41 152 38 156 35 156 44 156 33 147 31 131 43 104 69 90 88 101 89 85 76 100 92 131 104 163 96 142 117 175 128 165 114 171 123 190 125 199 100 204 91 218 88 215 72 171 42 108 113 126 114 116 35 44 60 101 95 91 89 78
31 109 17 109 24 104 24 102 11 97 17 94 12 98 18 99 24 96 18 94 17 97 20 95 6 93 10 96 6 91 10 96 22 113 36 114 31 114 24 118 22 115 15 116 14 112 12 112 8 108 13 107 7 104 14 42 39 15 34 20 44 35 56 50 64 38 54 40 51 61 78 77 82 89 82 73 57 51 52 35 52 21 58 28 38 31 45 91 34 90 38 91 39 89 33 87 30 82 26 77 27 78 29 79 33 80 30 77 26 78 24 76 15 65 10 57 15 47 11 26 12 22 18 15 17 10 19 10 21 10 23 11 25 17 41 35 48 32 45 25 44 32 45 36 42 29 40 23 48 24 35 53 22 73 15 83 29 76 4 88 16 100 38 104 7 110 96 138 33 115 29 118 24 124 25 109 2 92 0 93 9 77 5 50 2 104 4 108 2 109 6 25 13 86 24 86 25 87
110 104 113 101 107 101 104 94 101 91 97 85 97 87 98 88 96 84 93 84 93 81 97 82 92 80 95 81 92 77 92 84 102 101 110 105 112 103 115 106 115 110 114 114 110 106 109 105 108 104 105 106 103 117 48 142 15 156 19 162 34 170 43 175 46 171 41 177 47 183 56 182 66 191 68 180 40 171 38 165 35 164 42 166 14 164 33 139 83 75 87 74 88 77 87 71 84 68 74 63 75 65 76 69 80 70 77 66 75 67 75 67 68 59 63 56 54 55 34 28 24 32 14 79 11 92 11 107 9 114 11 118 11 127 24 134 28 136 15 139 14 145 29 147 22 152 19 140 18 128 28 117 42 117 48 122 52 109 79 109 97 163 100 144 108 162 153 153 112 148 113 166 120 182 121 184 93 191 91 206 83 199 67 116 90 119 106 114 106 107 55 48 48 78 80 73 86 79
27 111 30 112 28 107 22 104 18 101 9 98 18 98 22 99 23 96 24 96 21 93 24 95 13 92 17 90 0 90 14 95 21 111 33 109 29 112 24 115 15 112 9 109 11 107 11 104 1 102 0 102 10 63 31 13 34 18 41 30 52 43 55 43 58 43 56 49 58 65 52 62 78 77 76 54 56 43 55 34 50 34 58 34 42 35 48 33 61 78 32 86 41 83 40 84 31 77 15 73 18 73 24 77 29 79 26 74 18 74 18 73 17 64 18 55 14 43 12 24 13 16 15 10 17 9 22 8 24 10 21 11 21 15 32 19 30 14 28 13 27 16 32 16 26 16 34 20 26 22 24 22 28 36 27 38 32 52 13 93 17 103 4 109 62 152 81 116 21 104 16 118 48 121 36 109 1 95 8 90 1 75 1 65 14 104 8 101 14 83 19 31 16 78 22 80 26 81
115 110 115 104 110 96 105 97 104 91 99 90 101 88 101 90 99 90 98 84 98 84 96 82 94 76 89 76 85 78 92 84 105 100 110 101 110 100 113 109 112 106 110 102 103 101 103 96 103 99 99 103 80 128 12 148 14 160 31 163 41 168 41 170 42 172 53 177 49 182 55 183 76 186 74 175 47 163 39 161 31 163 31 166 35 169 37 159 26 147 74 76 82 73 83 75 77 66 73 60 72 66 76 67 78 68 78 64 73 66 75 62 64 54 58 54 47 48 29 25 19 58 13 84 8 96 8 104 9 112 11 118 12 124 18 129 14 129 13 133 13 138 24 136 12 139 23 135 14 123 20 118 24 120 29 127 32 119 78 153 103 150 106 147 146 163 127 145 109 143 110 155 124 172 119 168 98 181 95 192 81 157 52 106 103 103 93 79 84 78 59 58 54 67 78 67 79 67
25 116 28 114 29 108 22 108 27 104 15 101 26 104 26 102 25 102 28 97 27 99 31 98 14 90 4 86 12 87 2 96 26 106 22 107 15 110 27 111 16 109 6 103 4 100 1 99 0 97 1 87 29 14 28 15 46 35 60 42 57 43 57 42 55 46 57 51 56 57 62 70 76 82 67 54 63 41 56 32 44 35 45 34 53 43 60 27 30 17 44 75 28 81 36 81 29 75 23 72 18 74 16 78 23 76 22 72 20 71 20 65 18 58 13 49 9 37 15 19 14 12 16 10 16 9 19 9 21 7 27 9 34 15 31 15 26 12 27 10 29 21 31 20 22 10 20 10 25 12 25 14 25 19 15 24 10 58 28 101 3 107 11 138 87 134 32 112 4 107 19 117 39 133 18 108 14 96 7 83 4 54 10 102 4 86 11 84 20 69 26 34 23 75 14 77 39 91
118 113 117 108 115 101 109 103 108 94 105 95 107 94 104 92 104 93 102 90 100 91 101 86 97 81 86 78 88 76 88 83 102 101 104 99 106 104 108 104 109 105 103 93 100 94 98 96 96 93 92 117 28 139 12 150 31 161 42 167 50 165 42 165 40 171 48 177 56 173 54 180 73 187 58 164 43 162 40 164 30 159 34 158 43 163 35 160 20 158 17 148 69 69 81 68 76 60 73 66 74 67 78 73 78 68 71 62 69 60 67 57 58 62 54 47 40 49 23 33 13 69 11 83 10 98 8 104 9 109 8 117 13 125 11 124 10 128 9 128 12 134 18 135 13 135 8 127 7 118 12 117 19 120 14 115 45 152 107 148 110 139 123 161 129 151 119 142 112 143 108 146 118 150 95 161 108 177 89 168 61 101 93 90 80 71 82 68 76 69 46 55 67 57 72 72 88 72
25 118 26 116 30 113 39 110 35 109 29 107 37 107 33 105 31 106 35 102 36 103 35 103 34 97 5 87 10 87 6 92 19 100 14 103 18 107 17 108 14 105 1 99 0 97 1 92 0 91 10 47 28 12 36 23 50 41 53 47 60 45 57 41 60 42 55 64 63 52 57 49 50 51 59 40 54 39 56 36 49 30 49 36 60 38 52 26 42 31 38 19 43 72 33 77 24 71 13 70 21 77 23 78 24 77 17 68 16 67 16 59 21 54 10 50 12 30 7 15 17 10 21 8 15 8 19 7 18 9 19 14 27 12 28 7 25 7 25 11 23 15 27 12 21 9 21 11 19 8 20 14 17 13 13 40 30 114 38 111 5 111 80 133 20 122 31 107 6 123 30 109 15 97 0 100 19 100 0 68 1 80 10 75 8 79 23 80 18 62 20 46 18 71 37 77 18 63
117 113 117 111 114 105 113 100 112 107 109 100 108 103 109 100 107 97 106 98 106 98 107 101 108 92 90 77 88 75 87 83 94 91 97 96 106 95 106 99 104 95 103 90 97 89 92 91 91 93 72 126 11 141 17 152 34 162 44 164 42 165 44 165 45 170 62 177 60 180 59 161 38 158 39 155 39 153 33 150 27 156 31 155 45 159 33 159 29 160 21 152 26 117 71 72 73 69 69 62 71 68 77 68 79 64 70 57 65 58 65 59 55 55 48 53 40 45 18 56 10 73 8 87 8 97 9 106 7 115 14 120 15 123 9 121 8 124 7 125 10 128 11 128 8 124 9 119 10 118 10 117 14 118 35 148 115 153 109 146 108 154 137 150 121 150 123 146 106 142 125 151 102 139 92 160 107 157 78 120 65 79 72 59 73 68 82 78 76 79 40 60 71 69 69 58 63 56
26 117 23 114 32 112 38 114 35 112 33 111 33 112 33 112 40 110 35 108 44 110 37 110 38 101 10 90 10 88 8 90 13 95 10 101 16 104 9 102 11 100 1 94 1 92 0 92 6 87 20 18 26 13 33 26 56 44 61 43 60 43 54 38 53 56 71 68 52 69 69 55 59 37 55 41 59 32 49 28 47 28 47 40 60 40 49 34 44 33 39 16 21 38 35 70 20 70 16 67 10 69 17 73 17 75 8 65 11 62 22 59 11 49 18 46 13 26 11 11 16 9 12 10 16 7 17 9 22 17 32 19 22 13 23 9 26 6 18 7 29 7 21 6 24 17 29 34 38 48 43 63 50 64 36 127 23 111 24 110 51 149 59 123 28 121 24 120 11 110 35 116 4 94 2 104 8 83 3 63 9 68 4 68 13 75 20 81 33 53 17 67 12 64 10 65 13 55
116 112 114 106 112 103 110 104 111 101 111 103 110 105 115 107 113 101 112 104 112 108 112 103 113 91 92 81 89 75 86 85 91 91 97 96 103 99 102 96 100 98 96 92 93 91 91 85 90 105 40 135 13 149 20 157 44 161 43 163 46 165 43 167 41 170 64 170 53 180 83 172 53 160 43 155 35 149 25 150 30 150 35 154 37 156 31 153 32 157 26 150 14 144 48 84 70 62 65 65 66 70 68 66 71 65 64 59 60 54 62 56 55 48 47 55 33 48 13 63 12 77 8 89 7 101 8 108 14 120 21 120 13 120 11 120 8 120 6 124 9 135 24 160 51 188 73 196 81 201 83 199 80 168 137 145 110 154 118 134 137 163 128 150 130 152 120 145 115 135 112 134 94 149 104 150 91 127 63 74 65 55 68 60 71 65 82 102 66 71 66 60 60 56 57 52 54 49
30 116 31 113 27 111 31 109 34 114 33 112 29 114 36 115 44 113 40 115 42 115 41 115 39 104 10 90 15 88 8 89 13 93 10 98 20 103 13 101 4 98 1 95 0 91 0 89 3 65 33 11 34 16 50 45 52 43 63 47 57 45 53 44 50 44 55 56 67 62 64 54 56 50 57 39 43 23 39 32 50 34 55 37 52 31 48 29 43 38 50 18 29 24 25 50 17 66 17 66 7 67 9 66 10 61 11 59 13 59 17 56 19 48 12 37 13 20 14 12 16 8 21 8 19 10 16 9 27 20 34 11 28 13 26 10 25 11 28 34 52 61 70 85 81 87 72 77 66 71 66 69 41 142 43 108 73 123 13 129 78 128 18 126 43 122 22 113 10 114 11 97 8 99 3 96 0 68 2 62 3 63 10 69 10 71 47 76 20 59 11 58 7 53 6 49 4 46
113 108 113 110 111 107 111 106 110 108 112 106 114 109 115 107 114 104 114 109 120 107 117 110 114 95 94 82 89 77 88 81 91 83 94 93 101 98 100 92 98 89 93 86 90 84 88 89 82 122 14 145 13 156 41 161 44 162 48 163 47 163 43 166 44 170 48 167 62 166 50 160 48 159 37 152 28 145 28 147 38 152 35 153 31 147 29 148 28 151 39 151 15 146 30 129 59 68 64 68 67 69 65 66 60 59 57 55 57 55 57 56 48 48 43 46 31 48 10 69 8 83 9 97 8 103 10 114 19 119 14 126 12 126 13 136 30 178 53 197 74 211 86 216 80 213 57 205 42 199 41 168 133 171 107 154 124 126 123 164 130 149 117 149 116 135 110 142 110 144 109 127 105 139 95 134 74 86 58 52 56 57 62 61 68 113 88 92 57 55 54 52 52 54 47 48 44 47
18 113 32 113 28 112 29 111 34 111 35 114 37 114 42 115 44 118 48 116 44 115 40 109 33 104 17 90 9 89 10 88 8 91 18 97 19 102 10 97 4 94 2 91 1 87 0 83 15 26 28 13 38 41 59 45 53 43 58 45 57 40 52 39 45 55 55 41 61 77 71 61 63 40 54 33 46 28 45 38 55 41 47 31 45 25 45 28 47 32 51 32 31 13 21 34 15 64 10 62 16 66 10 60 12 56 9 55 14 56 17 50 10 48 11 36 13 14 16 10 18 8 16 7 15 8 23 14 28 16 23 11 23 26 38 44 52 59 64 81 68 74 65 52 45 39 43 33 35 34 23 116 45 111 21 116 14 122 78 134 28 118 16 140 11 104 7 117 29 118 28 100 0 101 1 76 15 70 19 61 7 56 5 64 75 123 49 57 0 50 9 47 8 46 9 39 4 36
110 107 110 110 112 110 112 110 115 107 112 105 115 107 114 113 116 110 115 109 113 109 109 100 102 89 93 86 90 81 89 80 90 82 93 89 101 93 99 90 91 84 90 83 87 81 85 101 42 142 20 154 36 160 43 165 43 167 40 164 43 163 37 158 33 160 52 169 52 179 80 168 45 153 38 149 28 142 37 148 55 153 40 149 32 148 32 147 25 149 34 148 17 139 18 134 42 73 63 65 63 65 60 60 57 54 52 54 54 55 51 51 46 61 42 56 27 49 10 70 8 86 8 98 8 107 6 114 19 136 23 160 38 186 52 201 68 211 83 218 69 208 45 202 34 202 32 198 31 181 112 154 103 132 112 131 134 159 128 143 119 146 152 213 107 139 121 150 114 146 116 133 94 129 83 126 59 174 64 172 72 144 67 124 81 140 67 69 49 61 44 48 40 46 40 46 33 47
21 109 26 110 32 113 32 115 37 113 33 113 28 112 33 115 37 114 26 112 27 107 22 106 19 93 15 91 12 91 8 89 3 91 15 98 8 99 13 93 4 87 1 86 2 86 8 58 29 10 36 33 51 44 58 42 56 44 53 45 46 47 45 40 45 47 46 55 68 73 69 48 54 39 54 32 46 36 56 43 55 46 58 41 49 39 51 25 45 28 50 27 21 10 30 17 21 55 10 60 9 59 4 57 8 51 2 49 8 51 6 47 11 41 13 34 12 11 15 9 19 6 19 6 22 9 28 32 39 45 49 53 59 54 56 56 54 54 49 43 49 38 34 34 29 32 30 33 21 88 76 106 16 111 28 145 94 124 17 118 12 117 74 159 2 118 47 119 1 116 23 99 4 81 1 78 6 111 3 128 2 135 6 133 2 111 8 76 7 52 9 41 9 35 7 32 8 30
108 105 110 105 111 110 114 107 114 106 112 109 111 108 110 107 113 100 108 104 110 100 105 96 98 88 92 80 92 85 92 81 90 85 93 92 97 95 95 90 89 79 87 73 85 80 71 134 14 152 26 158 39 164 41 166 43 166 43 168 54 172 53 159 34 165 52 162 52 170 67 155 42 150 34 147 35 149 45 153 45 153 44 150 39 147 36 145 27 148 30 145 11 141 10 138 24 83 61 68 57 62 56 56 49 47 49 48 49 53 45 49 43 48 35 47 23 49 9 69 6 88 9 118 26 164 49 195 54 207 50 207 39 206 36 207 36 207 32 206 35 205 34 205 34 204 34 198 79 149 103 128 116 132 129 160 129 143 118 135 117 151 133 157 112 146 110 139 113 144 105 139 101 203 148 252 174 255 179 255 178 255 178 255 179 255 173 252 149 223 101 180 57 147 36 104 26 82
12 108 23 106 24 108 31 112 28 110 34 110 30 110 36 112 31 109 24 107 18 105 20 102 12 90 9 91 18 93 12 88 9 90 12 95 16 95 9 92 3 86 0 83 0 75 24 12 40 28 48 35 56 42 60 41 49 44 50 42 56 49 59 55 40 36 57 67 65 45 57 45 57 38 55 38 60 44 62 47 61 46 63 43 53 34 46 30 41 30 41 17 27 11 21 11 18 49 10 57 13 52 6 49 10 45 11 45 12 45 10 43 16 40 16 29 14 6 20 12 26 34 47 44 47 50 55 53 51 41 51 39 38 36 37 38 38 38 41 38 31 37 37 35 40 31 28 80 50 106 7 115 23 131 71 129 11 118 20 117 32 119 19 115 15 108 2 106 21 113 13 155 20 180 1 177 0 178 0 179 0 181 0 183 0 182 0 183 0 185 0 171 0 130 3 96 2 85
105 103 105 104 105 106 107 106 107 106 110 104 109 103 109 105 106 101 105 99 103 94 101 91 91 86 91 82 91 90 92 81 88 86 93 89 95 88 94 83 86 75 82 75 76 125 18 154 28 154 33 158 45 160 42 164 43 166 42 159 38 158 47 169 46 157 41 166 57 154 34 151 37 150 35 151 45 158 48 155 44 151 45 149 36 147 30 146 28 146 25 140 13 141 7 141 27 84 55 57 52 54 49 53 46 50 42 47 41 54 39 63 40 71 32 92 23 119 31 172 40 204 42 210 36 210 37 210 37 211 41 215 51 214 40 213 37 215 42 214 42 211 37 209 34 204 69 166 109 128 116 135 124 156 131 148 118 144 116 148 119 149 116 156 117 133 99 163 139 238 187 255 180 255 179 255 181 255 183 255 184 255 184 255 186 255 187 255 190 255 189 255 191 255 190 255 187 255
17 105 17 104 15 106 27 104 15 104 16 106 17 108 14 105 17 103 13 102 13 97 10 95 7 87 11 89 5 92 16 91 11 92 13 94 20 93 7 88 1 83 0 77 27 18 38 37 42 33 51 44 57 41 55 44 57 57 48 34 37 34 44 44 49 44 45 34 47 40 51 38 46 36 52 43 58 48 62 42 59 44 55 39 49 28 40 26 41 26 22 14 24 8 20 8 25 45 6 50 6 48 8 45 11 40 7 40 11 39 20 38 19 40 27 41 44 43 48 39 44 35 42 38 45 39 39 39 46 40 47 44 60 50 43 40 48 42 41 42 43 43 38 41 38 64 56 112 9 132 44 123 49 130 17 122 5 116 12 117 19 119 11 129 32 95 9 165 36 188 2 179 0 181 0 183 0 184 0 187 0 189 0 188 0 190 0 193 0 195 0 193 0 194 0 194 0 192
103 103 104 105 105 101 104 102 102 102 101 100 105 106 106 103 104 96 96 95 95 86 93 85 87 79 87 81 88 81 91 80 90 81 94 85 91 85 89 80 83 74 77 117 25 154 34 166 38 163 41 161 43 164 44 173 45 165 39 154 38 160 36 155 36 161 54 153 31 149 42 154 42 152 42 150 48 157 45 150 40 153 40 147 26 142 22 146 26 145 16 142 10 140 9 137 22 70 46 54 43 67 42 99 41 145 40 165 39 174 41 177 42 190 42 202 36 208 41 211 43 217 50 222 54 222 48 219 43 217 49 218 50 222 49 217 44 215 42 214 40 211 41 208 49 177 128 131 114 148 139 140 131 152 126 146 119 153 119 154 119 155 118 160 112 227 181 255 179 255 179 255 181 255 183 255 186 255 189 255 190 255 192 255 194 255 199 255 197 255 198 255 198 255 197 255 195 255
8 101 9 103 14 105 6 102 15 101 13 101 9 106 16 100 6 98 6 95 9 88 1 87 3 85 6 85 9 89 8 90 15 90 13 91 13 91 8 85 4 75 20 23 39 31 47 45 63 46 57 45 62 41 51 87 50 32 52 42 43 57 56 43 44 38 65 59 50 31 48 42 58 45 57 45 59 46 57 35 57 44 55 28 40 20 26 23 18 16 21 9 29 6 24 15 19 41 17 45 24 44 23 44 28 44 32 43 27 44 37 44 36 40 46 34 46 40 44 51 70 66 90 79 93 76 93 70 79 56 59 55 48 53 61 50 47 43 36 40 36 38 49 42 29 127 56 117 13 129 28 135 45 125 13 118 7 120 15 119 20 116 13 132 16 180 1 177 0 178 0 179 0 185 0 186 0 188 0 193 0 195 0 202 2 201 0 203 0 202 0 205 0 202 0 203 1 207
101 101 102 104 101 104 102 105 103 98 101 99 104 99 102 94 99 89 93 86 89 82 87 80 80 75 83 81 82 83 88 85 88 81 92 89 86 84 87 81 77 120 23 152 27 159 33 162 45 162 37 161 43 162 58 180 48 154 38 158 47 170 72 168 49 159 64 167 50 157 36 149 42 152 47 154 43 149 36 146 40 146 30 142 18 145 25 147 19 141 10 138 7 139 9 139 39 166 47 172 44 177 42 181 44 190 41 198 42 206 38 208 35 211 36 214 39 217 51 229 71 240 85 240 82 240 85 243 88 242 70 222 49 221 53 222 47 215 43 210 38 207 38 185 98 154 139 134 112 146 141 179 130 155 118 153 120 153 126 160 114 185 150 255 173 255 176 255 178 255 180 255 183 255 188 255 190 255 196 255 201 255 204 255 209 255 201 255 205 255 209 255 208 255 210 255 214 255
7 101 18 100 14 100 8 102 3 100 4 102 21 104 16 101 14 92 4 89 0 82 0 82 1 81 4 81 4 84 4 85 4 90 14 91 13 87 14 77 28 22 33 27 53 42 53 42 56 40 46 42 45 39 68 66 64 48 43 44 50 57 67 68 67 51 55 56 55 50 56 44 55 46 56 43 52 35 49 37 51 34 38 20 20 22 22 18 19 12 25 7 19 6 27 19 38 48 33 45 26 45 36 42 44 36 41 33 46 40 42 37 60 46 64 54 66 56 77 73 98 85 98 81 93 77 100 84 105 97 107 67 69 60 76 64 73 52 60 47 41 35 36 89 36 130 13 113 38 145 67 133 2 122 9 118 13 122 17 119 0 157 1 168 0 175 0 178 0 180 0 184 0 187 0 193 0 200 0 200 0 205 0 202 0 205 0 205 0 209 8 211 15 213 50 217 60 219
100 103 101 104 100 101 102 99 102 100 98 99 103 100 101 92 94 92 89 78 81 77 82 74 76 75 81 75 81 76 83 83 85 80 89 82 90 86 73 133 19 155 35 162 45 160 41 157 44 161 42 159 44 165 66 178 75 170 44 157 49 165 65 181 81 176 52 152 39 154 48 156 57 157 44 146 35 143 32 142 34 141 20 143 21 144 17 141 14 137 9 138 6 136 7 156 49 178 45 188 46 199 33 208 32 215 41 222 53 224 55 231 69 238 81 240 85 243 83 242 87 241 80 236 73 238 77 242 86 242 95 239 71 229 77 232 78 226 62 216 45 204 78 163 118 140 115 155 147 229 158 156 124 157 118 169 120 161 116 216 162 255 170 255 174 255 177 255 179 255 185 255 185 255 190 255 197 255 201 255 202 255 203 255 202 255 206 255 206 255 209 255 212 255 220 255 225 255
7 100 9 99 12 98 12 101 11 98 10 102 16 101 13 97 8 90 4 86 2 80 0 77 2 76 1 79 3 80 6 81 10 85 17 90 18 66 33 17 41 41 63 46 56 43 61 45 57 46 54 35 55 58 70 80 74 66 56 46 45 56 61 65 69 68 59 46 51 37 60 55 58 52 56 34 46 32 48 32 44 26 28 22 15 18 18 11 25 10 21 6 19 6 18 46 37 43 38 33 34 30 38 37 55 49 64 66 95 77 99 85 107 90 107 85 101 80 100 82 100 83 100 82 93 78 93 79 103 87 117 97 102 76 98 86 98 76 88 60 57 71 41 117 2 115 46 158 10 199 32 121 11 121 13 120 9 122 6 163 0 168 0 175 0 176 0 181 0 185 0 187 0 191 0 195 0 196 0 203 0 204 0 205 0 206 0 207 4 210 23 214 75 223 101 228 105 230
96 100 99 101 99 102 100 101 97 96 100 99 101 99 98 92 96 86 87 78 83 71 79 78 75 68 76 75 79 77 80 79 82 76 84 99 56 152 22 163 43 168 51 163 40 158 44 160 48 158 34 156 36 160 61 173 63 170 47 158 38 162 47 163 50 159 45 151 50 160 54 161 49 151 37 144 30 143 29 141 24 142 19 142 17 134 14 135 10 138 9 133 4 134 36 183 35 185 26 203 30 213 40 225 61 232 67 242 83 243 78 240 73 237 74 238 71 237 72 238 79 241 85 244 86 242 74 236 78 242 88 241 77 236 77 232 79 228 75 220 73 169 129 150 112 170 204 214 133 214 123 167 123 165 121 167 122 238 160 255 166 255 174 255 179 255 179 255 186 255 190 255 190 255 196 255 201 255 204 255 206 255 208 255 209 255 212 255 214 255 219 255 225 255 229 255 231 255
0 98 12 97 14 99 8 98 8 95 21 102 16 101 11 95 9 89 4 84 0 81 1 81 7 73 5 77 8 78 6 80 14 80 27 42 41 27 60 50 69 48 58 35 49 36 58 47 56 37 42 31 32 38 48 49 53 56 53 57 52 51 52 36 51 45 56 50 62 57 60 46 57 36 48 32 45 25 42 20 29 23 24 17 20 12 19 10 24 8 23 4 16 19 43 27 27 25 27 34 49 47 76 70 88 72 89 79 93 75 78 67 76 67 81 71 74 67 77 69 81 77 80 74 90 77 86 71 83 72 86 70 79 75 86 72 86 73 81 78 25 126 24 113 26 191 140 151 64 184 0 125 4 121 7 124 5 159 0 167 0 178 2 180 0 180 0 186 0 191 0 195 1 201 17 206 8 208 12 210 7 212 18 215 39 220 62 219 75 224 102 227 115 230 114 231 126 233
94 101 96 98 99 104 97 101 95 102 98 103 101 100 97 93 91 89 88 77 82 77 81 78 78 69 74 74 77 80 78 77 75 128 32 160 30 166 57 171 48 165 32 161 33 160 37 158 36 150 31 152 31 149 36 157 39 164 48 161 47 159 49 151 38 150 46 156 55 155 44 149 35 142 31 140 26 136 22 138 22 137 18 132 11 133 11 131 7 130 5 125 8 156 24 186 24 205 33 218 55 236 76 240 78 240 73 237 68 235 62 233 64 235 73 237 70 239 69 237 70 234 64 235 67 235 66 233 62 228 59 228 63 224 64 226 63 219 76 172 116 162 120 172 162 254 190 195 198 204 117 173 122 177 123 243 158 255 165 255 176 255 179 255 182 255 186 255 188 255 195 255 202 255 208 255 210 255 212 255 216 255 219 255 223 255 222 255 223 255 231 255 232 255 235 255 235 255
5 95 10 95 8 98 8 97 3 97 16 99 19 96 16 96 3 87 3 85 0 80 8 80 3 76 4 74 2 79 13 62 34 20 45 38 61 60 71 42 53 33 51 36 47 44 50 42 49 32 44 32 39 32 41 44 40 35 38 31 47 35 50 38 46 41 42 48 57 52 58 38 50 33 43 29 36 24 28 22 21 17 25 11 18 10 24 7 28 5 15 2 21 17 23 24 26 34 40 57 73 74 79 70 73 66 63 60 63 62 66 69 72 83 79 90 89 92 77 82 71 69 62 68 71 75 68 58 60 55 63 54 62 55 61 57 56 74 23 120 21 133 10 145 131 236 67 181 119 125 0 119 0 122 9 155 0 163 0 174 0 179 0 181 0 187 0 188 0 192 0 201 8 205 6 207 13 211 36 218 56 223 76 228 104 227 84 227 101 227 121 233 132 234 136 234 134 234
93 96 89 99 94 104 95 100 94 98 97 99 97 104 93 98 90 90 86 80 79 74 80 72 79 73 73 74 73 105 50 150 17 168 41 172 57 172 39 168 34 163 39 166 46 165 64 166 48 149 31 150 33 149 39 151 35 152 31 152 39 150 35 148 37 150 39 149 42 148 47 143 36 136 29 137 25 136 22 134 15 130 11 126 10 126 8 121 6 120 3 125 10 180 25 202 35 217 51 231 63 233 66 233 61 234 59 234 59 238 83 249 108 255 107 255 116 255 114 254 94 243 66 235 73 238 67 229 56 227 53 222 54 221 52 217 63 188 114 167 136 182 137 194 159 225 166 208 130 185 123 182 119 240 158 255 162 255 173 255 178 255 181 255 188 255 190 255 191 255 197 255 202 255 208 255 211 255 216 255 222 255 233 255 235 255 232 255 232 255 231 255 234 255 236 255 231 255
2 93 1 90 1 92 7 92 8 92 7 95 12 93 5 91 3 89 5 84 0 76 0 76 0 72 5 67 20 31 44 20 56 53 70 53 57 35 47 36 51 37 51 47 56 65 72 70 56 49 42 33 45 36 42 28 40 41 45 34 48 38 42 30 44 40 46 30 45 36 51 30 45 30 38 23 32 18 19 15 18 13 17 7 26 7 21 6 18 4 14 7 22 23 24 34 42 45 53 59 60 56 53 59 56 56 61 57 63 69 88 128 132 148 110 118 117 141 102 101 92 77 73 69 68 62 63 61 56 53 48 55 48 52 51 62 26 115 21 138 21 135 20 142 10 137 34 134 4 131 1 119 11 159 0 162 0 175 0 179 0 180 0 186 0 190 0 192 0 198 2 204 23 208 47 215 61 218 77 225 101 234 132 237 139 236 134 234 137 233 144 235 143 236 131 231 108 222
91 96 91 103 91 97 92 101 91 94 92 97 96 103 91 93 90 92 86 81 78 79 76 71 74 81 65 131 20 161 28 169 58 173 49 166 33 164 31 164 47 166 51 171 62 177 86 180 66 161 48 156 45 149 37 147 29 148 41 151 34 150 29 147 32 147 34 140 36 140 31 134 30 134 26 136 21 134 16 129 14 123 11 121 8 118 5 113 6 105 4 163 18 192 33 207 41 221 54 227 56 228 57 230 57 229 56 235 64 239 93 254 132 255 139 255 159 255 112 249 79 250 93 247 78 242 70 230 57 224 55 219 51 214 58 195 124 180 135 181 145 213 144 203 139 198 139 192 130 193 115 230 162 255 161 255 175 255 179 255 181 255 186 255 188 255 193 255 201 255 206 255 214 255 217 255 223 255 229 255 237 255 239 255 234 255 231 255 230 255 230 255 230 255 224 255 218 255
0 91 7 91 2 90 2 91 6 91 6 91 1 93 10 91 3 88 0 80 0 74 0 74 4 53 31 19 51 48 68 53 62 41 45 31 48 32 44 43 63 75 65 71 63 58 78 83 51 52 41 43 38 35 48 35 35 29 36 38 47 35 35 26 38 37 44 30 46 34 40 28 42 25 27 18 18 16 15 16 15 8 21 8 22 5 18 5 17 5 21 14 24 24 27 37 47 55 59 56 65 56 60 56 51 57 53 66 70 75 71 86 85 102 105 156 147 125 92 100 109 122 109 122 93 83 65 60 47 56 54 51 51 62 20 124 59 139 21 140 98 179 52 144 23 141 24 128 1 107 13 161 0 162 0 174 0 180 0 183 0 186 0 189 0 198 25 209 80 215 86 221 102 227 115 230 123 234 144 239 164 241 140 235 131 232 118 227 96 223 88 221 79 218 61 212 29 210
88 102 89 99 90 103 90 98 89 97 92 101 90 96 90 95 86 89 82 82 77 78 69 116 35 160 23 169 58 173 48 169 39 168 30 162 32 161 49 169 67 188 84 170 52 155 46 157 41 149 28 146 36 152 45 161 36 147 29 147 33 148 32 139 27 141 36 136 26 132 28 133 23 136 16 131 17 127 13 120 11 118 7 114 5 107 5 90 7 124 14 177 19 194 26 207 48 218 54 224 57 228 58 230 57 227 60 231 74 237 71 237 86 245 91 252 128 253 99 255 134 255 134 255 115 249 73 226 57 221 54 215 71 196 129 193 148 191 144 240 209 254 201 213 153 201 129 191 106 210 154 255 160 255 174 255 180 255 183 255 190 255 193 255 202 255 218 255 226 255 230 255 232 255 236 255 238 255 241 255 239 255 238 255 234 255 228 255 220 255 216 255 214 255 211 255 209 255
4 91 0 90 1 89 5 89 4 89 12 91 4 88 0 86 1 84 0 80 5 55 26 23 50 45 76 60 61 41 54 34 50 33 46 42 53 56 57 62 53 59 49 40 41 30 36 29 38 29 35 34 41 30 42 43 42 28 42 29 40 28 41 31 43 29 49 28 31 19 37 19 20 16 22 15 17 13 15 9 20 7 17 6 13 4 21 8 19 13 25 15 20 23 34 43 58 48 57 55 62 59 59 57 57 57 55 64 67 70 62 69 68 78 70 83 82 79 80 98 93 104 102 115 98 92 68 61 60 53 52 78 25 133 59 141 23 155 66 201 153 224 169 163 16 126 0 102 0 151 1 162 0 175 0 180 0 185 0 190 0 192 4 205 74 217 105 227 139 232 142 234 146 236 142 237 140 237 140 234 131 238 147 237 138 233 106 220 68 214 61 215 45 212 25 208 24 205
87 111 90 104 89 102 86 103 87 105 89 98 88 97 85 92 84 87 77 111 40 158 28 172 54 174 51 169 35 165 37 161 33 159 40 174 54 172 55 165 47 150 33 146 28 144 29 148 28 147 31 145 33 149 31 145 27 140 28 141 29 136 30 135 31 138 24 130 17 134 17 133 15 132 14 125 14 117 12 111 6 108 5 102 7 88 5 87 13 149 11 181 18 192 37 207 50 215 50 221 56 223 58 222 54 222 54 224 63 229 59 228 68 234 69 236 68 235 70 237 70 244 117 255 120 249 73 224 54 217 83 195 133 195 147 196 157 255 202 229 202 247 173 207 125 193 102 196 141 255 164 255 176 255 180 255 185 255 189 255 195 255 208 255 217 255 231 255 233 255 232 255 233 255 232 255 230 255 233 255 234 255 234 255 232 255 225 255 217 255 211 255 211 255 209 255 208 255
0 89 1 89 3 86 1 89 0 87 0 88 0 84 0 82 0 70 19 24 45 44 73 49 56 36 44 32 44 31 48 30 37 24 39 43 48 46 44 34 40 30 39 25 38 24 34 24 34 27 40 29 33 29 39 25 37 25 32 31 39 27 34 26 33 24 32 16 25 14 18 15 18 12 13 12 14 11 19 7 22 5 19 6 16 7 14 9 22 11 16 15 29 26 49 44 58 49 61 52 52 52 54 51 52 50 50 53 51 56 46 56 57 64 59 63 56 60 56 61 58 70 94 150 131 104 73 58 50 88 12 136 38 139 30 166 130 226 162 182 30 148 5 121 0 102 0 130 0 165 0 175 0 183 0 185 0 188 0 197 21 207 86 219 117 233 146 235 138 230 127 230 115 226 97 224 84 222 102 227 111 227 109 227 107 222 93 220 76 212 35 211 32 208 32 211 22 204
83 117 88 105 87 109 86 104 89 108 86 100 82 96 84 101 56 145 23 174 51 173 39 166 32 166 33 163 36 162 33 154 25 151 26 147 30 146 30 143 23 143 25 138 17 141 19 141 21 140 25 143 29 135 23 135 23 137 27 133 27 133 22 131 16 131 13 131 13 132 13 131 14 125 11 120 10 111 6 100 6 95 7 86 8 87 6 101 11 157 12 177 19 192 33 204 42 207 46 214 48 214 48 214 46 214 48 216 53 221 53 221 59 230 65 227 55 226 53 228 63 236 89 253 131 250 77 219 90 194 139 195 137 185 144 238 212 231 145 205 134 200 120 194 100 194 128 255 162 255 176 255 182 255 185 255 189 255 194 255 203 255 212 255 230 255 232 255 229 255 229 255 228 255 222 255 222 255 220 255 219 255 218 255 215 255 215 255 211 255 208 255 208 255 209 255 207 255
0 84 1 88 0 87 0 87 0 87 0 84 0 81 9 40 34 29 65 53 55 34 46 33 51 32 48 45 50 67 54 32 31 28 35 28 40 24 35 20 36 18 35 21 31 19 28 21 36 21 42 27 38 21 32 22 39 26 33 22 33 19 28 16 22 12 24 12 20 10 21 9 21 12 21 11 22 8 17 7 21 7 20 8 16 7 17 12 20 8 19 17 26 24 36 34 42 39 48 43 49 42 51 46 49 46 46 46 48 53 56 53 51 56 55 56 55 54 54 60 61 66 68 89 109 105 70 94 34 139 41 134 28 164 20 149 48 138 6 131 12 112 0 99 0 128 7 162 0 176 0 181 0 185 0 189 0 196 1 205 71 219 121 232 149 233 130 229 135 230 125 229 107 225 88 223 80 221 74 219 60 215 36 208 30 208 44 206 21 208 35 205 22 207 25 205 28 203
76 113 86 115 88 108 84 107 85 110 82 102 78 124 28 161 39 172 45 167 33 166 37 165 33 163 58 168 43 159 40 148 29 144 25 137 18 136 19 139 19 139 19 142 17 140 18 139 19 140 25 133 24 132 25 126 25 130 22 128 19 125 16 126 13 127 12 128 9 126 12 123 9 121 11 110 11 95 10 81 8 85 9 94 9 99 9 110 11 158 16 178 22 188 27 194 32 199 38 203 40 203 42 212 41 208 45 208 46 213 51 218 52 221 54 222 58 223 56 227 64 228 59 230 128 247 102 192 140 188 133 196 146 222 142 210 135 200 125 198 111 190 97 187 117 255 160 255 175 255 182 255 183 255 191 255 196 255 207 255 223 255 234 255 231 255 230 255 231 255 231 255 228 255 224 255 219 255 219 255 217 255 212 255 206 255 203 255 204 255 205 255 202 255 204 255 200 255
1 80 0 86 2 86 2 86 0 82 2 76 22 20 47 42 61 42 48 33 41 37 56 61 32 39 54 37 38 25 36 25 33 21 31 19 26 20 25 21 25 22 24 21 25 18 31 19 39 29 36 22 33 22 35 24 36 22 32 18 28 15 20 10 23 10 21 10 14 7 17 9 16 10 17 10 21 11 16 8 18 10 17 14 16 17 23 13 24 9 18 18 27 25 25 27 27 32 37 37 46 37 41 39 45 40 48 44 48 49 50 53 53 56 56 58 64 57 64 60 54 54 56 71 112 122 25 139 25 133 10 141 31 143 37 136 6 121 0 105 0 93 0 107 26 161 0 174 0 180 0 184 0 191 0 199 26 208 66 214 95 226 135 232 138 231 144 232 135 231 131 232 118 227 99 223 79 217 65 214 34 211 30 207 24 204 5 201 3 203 0 200 8 200 13 202 25 201
70 107 79 112 87 113 86 107 85 106 73 131 16 166 44 166 38 162 41 163 37 162 50 165 34 151 28 147 25 139 20 137 18 134 23 134 23 133 25 131 25 134 26 136 24 137 24 133 30 132 24 129 22 126 20 127 22 124 19 123 14 117 12 115 9 116 8 113 7 116 8 113 10 110 15 93 11 85 6 88 10 100 19 112 30 116 21 111 11 155 11 174 19 183 24 189 30 193 31 195 35 197 35 199 35 200 41 204 48 213 51 218 54 219 60 223 58 225 60 223 55 217 56 236 111 205 138 198 135 199 142 208 141 201 130 195 114 190 100 185 91 181 96 247 164 255 172 255 181 255 184 255 194 255 202 255 211 255 212 255 221 255 229 255 234 255 236 255 235 255 234 255 232 255 229 255 220 255 215 255 210 255 209 255 203 255 202 255 201 255 197 255 197 255 199 255 199 255
0 74 0 82 1 86 4 84 2 73 15 18 48 42 56 34 46 38 46 33 45 34 42 34 31 24 31 20 33 17 29 17 30 23 20 25 24 27 25 26 14 29 26 28 26 27 33 31 33 23 33 22 31 20 27 19 26 16 21 12 23 11 15 9 19 9 21 9 18 7 20 11 15 14 14 16 14 8 19 9 19 24 36 35 35 33 18 18 18 19 17 14 20 22 26 27 25 30 36 28 32 34 32 34 35 35 39 43 47 50 55 53 59 56 62 59 65 62 58 55 61 52 54 92 30 138 19 135 18 147 30 131 0 116 0 105 0 96 0 88 0 85 29 166 0 173 0 179 0 186 0 193 9 207 19 206 48 207 80 226 129 228 143 235 150 238 152 237 146 236 142 235 135 232 130 229 115 224 82 220 62 210 29 205 2 203 2 199 0 195 0 196 0 196 0 197 0 193
61 100 73 109 82 112 83 111 76 130 18 163 46 159 44 162 37 155 31 152 31 148 22 139 20 137 17 138 19 132 22 135 26 132 27 131 27 123 26 127 27 125 31 127 31 129 30 133 26 127 24 123 22 125 22 122 20 116 15 109 10 103 12 103 9 100 9 96 9 99 12 97 14 91 12 77 9 88 10 104 26 117 32 120 29 119 22 113 18 152 19 166 14 173 22 182 28 188 25 188 28 188 28 192 34 196 34 201 46 209 51 215 56 217 56 223 60 223 56 217 54 215 77 210 138 207 135 221 153 210 122 192 113 189 100 179 90 179 84 175 75 220 166 255 171 255 180 255 185 255 194 255 209 255 206 255 214 255 228 255 234 255 237 255 238 255 238 255 233 255 232 255 232 255 230 255 230 255 225 255 214 255 211 255 203 255 200 255 196 255 195 255 197 255 195 255 193 255
0 64 0 71 1 81 0 78 16 19 43 43 50 50 54 32 34 28 36 27 38 20 32 17 22 19 25 22 24 24 22 25 18 27 17 27 16 24 20 24 26 27 26 32 29 31 40 26 26 27 29 27 28 26 20 25 15 21 18 15 18 13 18 9 17 9 17 8 12 10 17 15 19 15 13 9 16 11 23 24 29 26 27 25 23 19 21 15 17 24 19 12 18 14 22 22 19 23 32 23 28 25 34 26 30 31 44 37 50 45 59 53 61 55 57 59 61 56 59 56 60 70 37 135 28 140 34 141 23 124 0 106 0 93 0 86 0 80 0 69 12 162 1 172 0 181 0 185 0 191 15 204 43 209 82 225 132 232 140 234 144 236 153 236 149 233 125 230 105 225 93 226 125 229 115 225 101 221 105 215 63 210 50 207 10 201 2 196 0 197 0 194 0 194 0 193 0 191
52 92 63 102 70 108 76 126 22 162 43 158 45 158 31 152 29 144 19 137 17 136 17 129 21 126 22 122 25 122 23 123 26 119 22 116 23 119 22 121 27 123 31 124 30 125 29 121 33 121 32 115 28 110 22 107 18 108 16 99 17 95 13 93 11 90 9 86 9 89 16 80 15 73 10 88 10 103 22 112 20 118 21 121 17 118 16 113 15 143 25 157 11 165 13 174 21 180 21 181 23 182 25 183 23 187 34 198 37 203 52 213 55 216 58 221 59 218 56 217 62 210 130 217 139 228 137 218 117 205 103 193 90 182 82 177 77 169 65 175 146 255 169 255 180 255 187 255 190 255 203 255 212 255 225 255 228 255 228 255 227 255 230 255 233 255 228 255 226 255 222 255 228 255 228 255 225 255 215 255 214 255 206 255 204 255 197 255 197 255 197 255 193 255 190 255 191 255
0 58 0 61 0 71 15 27 49 41 53 43 51 34 40 27 29 16 26 14 27 17 24 20 18 21 19 24 16 21 19 22 17 21 17 19 17 20 15 27 14 27 22 28 25 28 25 31 22 28 18 22 18 19 14 17 14 15 15 13 12 13 16 10 17 9 18 14 15 16 16 15 16 10 14 11 16 14 19 17 19 18 18 17 12 15 13 12 12 19 22 18 14 13 13 18 17 21 21 20 17 22 27 23 29 26 36 34 39 47 66 60 65 54 63 57 57 56 58 59 33 117 23 136 42 133 7 122 0 95 0 88 0 77 0 73 0 61 0 114 15 169 0 179 0 186 0 190 0 202 47 218 88 223 114 225 111 221 88 217 86 219 88 223 100 226 101 225 94 226 95 224 102 225 126 229 120 214 63 215 76 214 63 205 27 200 11 196 0 196 0 193 0 189 0 191 0 193
92 194 59 96 61 106 34 153 43 158 42 155 31 145 22 139 13 132 15 129 16 123 20 122 18 120 21 119 22 118 20 112 19 106 20 108 19 115 22 118 27 117 25 120 24 113 28 113 26 104 19 102 16 96 15 94 12 87 12 85 13 86 10 81 9 76 12 75 15 69 13 72 11 91 13 99 12 106 16 112 17 119 15 119 16 118 16 112 11 118 22 150 12 156 13 163 19 173 21 174 17 174 23 179 24 184 29 189 33 202 63 214 57 216 56 217 56 217 57 219 94 215 122 229 133 218 115 207 92 195 81 187 76 174 63 158 51 150 75 252 168 255 179 255 184 255 188 255 199 255 211 255 223 255 223 255 218 255 212 255 214 255 215 255 218 255 222 255 225 255 227 255 225 255 224 255 217 255 223 255 218 255 203 255 199 255 197 255 194 255 194 255 190 255 190 255 191 255
0 91 0 58 2 45 29 42 49 41 41 30 38 19 19 13 21 16 17 18 12 18 11 18 12 18 18 20 16 21 14 16 10 16 18 18 17 21 12 23 22 23 16 22 19 20 20 26 17 17 13 15 19 14 11 14 11 11 16 13 14 11 15 8 19 10 13 14 15 13 16 14 15 13 14 13 13 12 13 17 18 13 20 16 16 14 12 10 13 9 19 20 18 10 22 17 19 16 24 18 16 16 26 20 27 28 27 29 33 44 67 64 64 56 60 55 60 53 61 60 8 114 14 112 2 101 0 88 0 81 0 68 0 49 5 39 3 39 23 166 0 176 0 184 0 190 0 194 4 206 72 222 105 221 86 214 56 212 47 213 42 214 54 215 49 220 71 225 107 229 118 225 99 221 114 223 89 212 79 211 57 206 27 200 0 195 0 194 0 191 0 189 0 189 0 189 0 188
98 231 92 194 54 122 38 155 37 147 26 141 17 133 14 124 17 117 16 112 18 110 16 104 18 101 17 99 16 97 15 95 17 103 18 105 14 105 15 105 23 105 25 99 20 97 18 95 13 91 14 86 13 82 14 83 14 80 14 80 11 74 10 71 10 67 11 78 12 94 13 94 14 96 13 99 14 104 16 109 13 116 14 112 15 114 12 108 21 99 13 121 18 141 14 153 14 162 16 161 15 167 14 167 18 177 23 183 28 191 53 212 57 213 55 219 57 216 56 204 74 201 98 207 93 200 83 195 74 180 56 155 36 144 27 145 12 200 161 255 173 255 182 255 189 255 193 255 201 255 216 255 219 255 213 255 213 255 212 255 215 255 216 255 218 255 221 255 227 255 222 255 220 255 211 255 213 255 207 255 202 255 203 255 196 255 193 255 191 255 192 255 188 255 187 255 189 255
0 98 0 89 1 25 39 30 42 21 30 16 20 16 14 17 16 17 18 16 11 15 13 14 13 15 11 15 12 16 16 14 9 19 12 32 10 66 12 100 27 118 19 115 29 103 24 67 8 37 8 18 8 11 16 14 13 15 12 13 12 9 20 9 11 13 16 16 18 17 14 13 15 10 12 12 11 11 15 13 16 13 19 20 31 22 23 59 48 48 5 14 22 16 16 19 18 15 21 12 18 12 21 16 18 22 26 25 31 31 49 62 69 54 59 55 56 55 59 55 14 70 0 79 0 77 0 63 1 40 6 25 14 21 16 9 5 142 2 168 0 180 0 185 0 193 0 198 21 209 71 215 76 211 55 213 48 212 40 213 38 214 34 217 63 218 76 222 83 221 75 213 62 210 43 201 21 206 44 203 26 200 15 196 1 192 0 190 0 190 0 190 0 187 0 190 0 185
103 237 95 228 84 150 13 133 18 128 18 123 17 116 18 110 16 99 18 94 15 93 14 91 16 88 15 86 17 83 17 88 37 104 94 136 133 160 153 166 169 181 181 189 188 193 181 179 163 159 132 126 85 91 33 72 15 71 14 64 10 68 11 94 20 122 23 112 18 102 14 97 14 96 11 95 11 103 26 113 72 123 66 150 117 149 112 159 135 130 43 88 12 116 20 137 19 144 15 149 10 153 14 153 16 161 25 176 27 188 43 206 62 211 52 212 58 212 54 212 50 186 36 163 53 170 47 163 24 159 17 160 18 157 16 151 91 255 158 255 177 255 185 255 189 255 196 255 206 255 209 255 211 255 211 255 211 255 211 255 211 255 214 255 218 255 217 255 216 255 215 255 206 255 206 255 201 255 203 255 201 255 197 255 196 255 190 255 189 255 188 255 187 255 189 255 186 255
0 103 0 91 2 39 15 13 9 29 20 17 15 17 10 19 8 17 10 20 10 16 12 18 11 16 10 15 2 49 16 105 15 142 29 155 20 159 28 163 23 172 35 186 54 189 63 194 61 190 55 183 45 163 32 109 7 26 8 10 16 14 29 19 20 24 19 19 15 14 13 13 17 11 14 14 24 45 57 114 103 117 90 132 105 142 98 134 88 189 104 61 20 17 16 18 19 18 24 15 25 13 19 13 15 21 29 28 26 32 44 57 68 57 57 55 64 57 59 56 48 33 24 16 17 20 9 16 18 17 16 18 18 14 14 35 24 158 0 174 0 180 0 188 0 193 16 201 34 205 45 207 32 207 33 209 26 209 28 208 17 213 30 214 44 216 55 215 54 210 43 206 13 201 1 200 8 203 6 198 5 194 0 192 0 190 0 186 0 190 0 188 0 185 0 184 0 185
107 243 100 235 91 186 13 115 24 109 27 105 29 107 38 99 36 97 34 93 35 93 31 85 30 83 28 90 93 147 151 165 166 169 170 174 171 179 178 184 177 185 181 187 188 187 192 196 201 191 198 194 192 193 184 183 166 135 71 105 18 135 20 122 16 121 19 109 17 103 12 98 10 100 46 107 70 101 72 123 89 114 69 115 79 124 90 115 86 165 166 164 82 103 39 92 14 122 16 134 18 139 16 141 16 150 29 169 26 189 40 200 61 207 55 210 56 210 53 205 41 186 20 177 16 174 17 171 19 167 16 161 16 158 9 208 154 255 167 255 176 255 182 255 189 255 199 255 203 255 205 255 205 255 205 255 209 255 210 255 210 255 212 255 213 255 208 255 209 255 204 255 206 255 202 255 200 255 197 255 193 255 189 255 190 255 188 255 189 255 188 255 185 255 185 255 183 255
0 106 0 95 0 84 0 21 11 31 5 52 2 57 0 55 1 55 3 54 2 50 3 44 0 58 16 134 31 167 33 177 41 183 44 183 48 180 42 181 40 181 44 184 40 186 53 195 106 206 101 203 102 208 88 192 62 181 39 125 13 22 28 24 26 15 12 15 16 13 19 24 31 71 36 71 33 60 35 73 27 55 39 56 35 72 47 71 41 69 60 80 24 67 38 79 15 14 11 15 17 17 24 12 17 21 33 32 35 29 51 51 67 50 57 54 57 51 51 48 41 26 29 24 25 22 19 19 18 18 16 14 20 12 3 120 2 159 0 174 0 180 0 188 1 198 14 201 32 202 2 202 11 203 5 206 11 209 2 212 8 211 3 208 12 207 2 205 1 203 0 202 7 204 10 201 8 196 0 195 0 192 0 190 0 189 0 187 0 182 0 184 0 184 0 183 0 183
115 249 101 238 90 223 75 152 34 85 50 77 53 80 54 74 54 76 54 67 51 62 46 56 71 132 144 160 169 171 183 187 193 191 198 191 197 187 196 185 185 182 181 182 178 181 179 184 195 193 195 193 198 197 203 194 196 191 181 181 158 141 44 129 21 116 16 111 13 101 41 102 79 93 61 109 50 114 57 104 46 85 52 74 51 75 51 83 50 83 66 91 45 68 64 126 116 99 21 95 11 119 13 124 9 133 35 167 33 182 38 196 48 202 47 204 46 203 47 196 38 187 29 181 25 177 19 173 17 169 16 169 15 163 50 253 150 255 168 255 177 255 184 255 194 255 199 255 198 255 200 255 201 255 206 255 208 255 210 255 210 255 209 255 205 255 204 255 203 255 201 255 200 255 201 255 195 255 194 255 193 255 190 255 188 255 188 255 187 255 183 255 183 255 182 255 182 255
0 109 0 96 0 82 0 67 0 41 0 47 0 52 0 51 0 53 0 52 0 48 0 74 28 141 23 164 27 182 61 200 90 211 121 210 114 211 113 207 87 191 46 179 24 176 8 180 41 189 53 192 59 192 54 191 67 193 45 177 36 170 30 53 23 15 21 31 21 59 32 72 23 51 26 30 20 16 20 45 9 48 7 47 10 44 13 52 6 45 15 51 12 45 10 60 41 108 29 25 15 8 20 6 19 14 40 38 35 27 41 37 45 42 52 45 51 44 49 38 39 33 28 27 26 21 19 18 18 17 16 16 23 13 13 143 0 161 0 173 0 181 0 190 6 195 6 198 3 198 0 202 4 207 1 208 3 208 9 210 12 209 1 207 0 204 0 199 3 201 0 196 0 199 0 193 0 193 0 192 0 191 2 188 0 186 0 186 0 184 0 182 0 181 0 180 0 178
119 251 105 239 89 223 73 193 46 74 42 73 47 74 49 76 49 70 49 67 51 60 67 133 132 153 160 170 179 184 196 194 205 197 201 196 201 194 202 199 205 189 188 178 176 173 172 171 178 181 187 200 192 193 191 199 189 194 182 184 178 181 173 153 56 115 66 131 79 93 70 92 75 134 83 115 16 77 48 66 49 53 45 52 47 62 58 57 48 52 59 61 64 64 53 52 55 101 98 103 37 88 6 97 16 123 67 158 70 165 58 179 47 190 42 197 40 198 39 190 31 184 29 180 24 177 21 175 17 171 15 167 13 169 110 255 151 255 167 255 177 255 187 255 192 255 197 255 199 255 199 255 206 255 210 255 208 255 209 255 209 255 208 255 203 255 202 255 197 255 198 255 195 255 195 255 193 255 189 255 193 255 191 255 184 255 185 255 182 255 183 255 181 255 181 255 179 255
0 114 0 99 0 81 0 67 1 32 0 43 0 46 0 46 0 48 0 48 0 58 12 133 18 158 16 174 54 191 74 195 53 192 57 196 65 195 57 197 61 189 49 180 21 170 5 166 3 175 37 179 31 179 41 183 64 184 44 179 28 176 26 168 32 110 91 86 23 51 22 99 100 127 91 157 82 62 7 45 8 42 5 44 12 52 10 47 4 59 7 72 22 72 9 48 11 59 16 89 35 54 32 93 62 158 100 178 92 172 89 163 91 131 66 71 52 38 38 28 30 25 26 24 17 22 23 19 11 17 14 15 14 40 17 140 0 162 0 174 0 181 0 190 3 194 17 197 9 200 1 205 4 208 2 207 3 207 2 210 8 207 5 205 2 200 0 199 0 198 0 196 0 192 0 191 0 192 0 191 0 188 0 187 0 183 0 182 0 182 0 181 0 178 0 177 0 178
121 252 109 243 93 227 72 195 51 74 36 67 43 69 45 68 47 64 45 71 61 133 126 143 153 157 169 176 185 189 191 190 186 192 198 217 200 206 197 192 189 183 184 177 172 167 165 162 162 168 166 172 172 179 178 187 180 184 177 180 175 177 170 173 145 141 121 92 41 85 87 141 123 157 151 169 163 145 60 64 50 57 43 62 55 53 44 51 51 69 68 81 81 86 75 66 56 62 57 92 107 154 165 184 189 184 178 162 156 152 151 155 158 163 168 173 139 180 70 180 20 179 22 178 21 174 20 172 17 169 15 164 9 195 130 255 153 255 169 255 176 255 183 255 192 255 194 255 198 255 201 255 206 255 209 255 206 255 208 255 205 255 206 255 202 255 197 255 199 255 195 255 192 255 190 255 190 255 189 255 184 255 185 255 188 255 182 255 180 255 178 255 179 255 177 255 176 255
0 116 0 102 0 86 0 65 1 27 1 37 3 39 0 51 0 69 2 76 8 126 3 144 26 167 28 182 48 187 41 186 51 204 109 220 101 202 61 180 31 181 36 175 23 165 6 157 3 157 6 160 24 170 35 172 32 176 31 173 43 177 48 105 61 101 48 37 29 67 44 79 66 113 66 111 67 125 51 64 16 48 6 54 9 47 10 61 14 65 5 72 9 84 21 84 19 56 7 111 84 177 76 163 42 117 24 103 26 101 27 101 23 105 26 129 70 161 89 134 48 41 24 19 16 22 18 16 16 15 13 15 3 76 11 140 0 162 0 172 0 179 0 187 6 193 14 195 3 198 10 203 5 205 8 205 0 207 1 206 2 205 0 201 0 199 0 199 0 198 0 193 0 191 0 189 0 189 0 186 0 184 0 186 0 182 0 182 0 178 0 178 0 176 0 174 0 171
122 251 110 245 97 229 76 195 52 74 29 69 44 155 83 222 106 229 99 138 127 156 134 153 159 170 175 182 184 183 184 197 201 233 225 243 206 190 177 181 175 175 172 168 167 163 158 157 151 157 153 157 154 163 160 172 165 173 167 177 171 174 140 137 116 97 62 73 49 61 49 104 77 131 121 162 142 171 130 97 56 53 49 53 50 59 71 73 73 80 74 81 83 89 90 94 83 80 129 162 169 156 135 120 115 119 116 128 126 131 117 131 123 137 122 121 117 133 145 161 158 170 86 169 19 173 17 170 17 167 14 159 14 214 132 255 154 255 166 255 175 255 182 255 189 255 195 255 197 255 198 255 204 255 204 255 206 255 203 255 207 255 201 255 198 255 201 255 196 255 194 255 189 255 192 255 190 255 186 255 187 255 183 255 185 255 181 255 179 255 178 255 176 255 176 255 174 255
0 117 0 103 0 89 0 61 3 20 0 74 0 112 0 116 1 97 13 124 15 128 10 152 8 168 43 180 47 182 35 195 80 199 78 191 48 175 33 171 18 164 26 163 20 160 3 150 0 145 1 147 0 149 12 155 14 158 8 157 25 147 55 112 71 90 42 35 17 35 15 73 60 108 78 125 85 143 69 100 6 43 7 58 17 72 16 85 21 87 13 90 19 99 31 91 8 133 69 170 44 125 20 129 38 132 45 118 42 99 47 99 49 106 56 137 49 131 52 152 76 150 78 130 56 19 26 16 19 13 16 12 4 94 2 141 0 159 0 170 0 180 0 188 9 191 11 196 11 197 1 200 0 202 0 202 6 204 0 204 2 200 0 197 0 199 1 199 0 196 0 191 0 188 0 188 0 185 0 185 0 182 0 182 0 181 0 179 0 178 0 175 0 175 0 173 0 171
121 254 111 247 99 235 79 194 50 189 105 254 119 253 120 242 99 123 121 138 124 139 143 148 158 166 174 173 178 181 180 195 189 192 181 186 170 170 169 168 162 163 157 160 152 156 148 154 140 142 138 145 144 152 149 156 150 154 151 159 156 142 90 135 117 121 65 66 35 68 37 83 101 132 91 116 90 144 125 112 78 48 50 80 78 86 85 96 98 133 104 120 114 120 107 106 111 145 158 144 122 125 135 135 122 125 96 109 84 178 75 196 66 182 70 137 107 149 143 152 164 156 127 164 142 189 31 161 13 157 12 155 21 223 131 255 152 255 164 255 176 255 184 255 188 255 191 255 195 255 197 255 199 255 199 255 202 255 202 255 201 255 198 255 199 255 200 255 198 255 194 255 190 255 190 255 186 255 182 255 183 255 183 255 178 255 178 255 178 255 176 255 173 255 172 255 170 255
0 119 0 109 0 103 0 99 0 121 0 126 0 127 1 102 5 121 17 123 7 134 4 150 15 169 39 172 37 173 27 182 42 177 44 171 29 163 16 156 15 150 0 149 0 143 1 144 1 134 0 137 0 140 0 143 1 144 0 144 24 126 63 125 85 92 39 54 26 43 31 51 41 122 90 118 52 109 37 98 15 48 6 83 13 80 25 96 26 105 45 127 37 127 23 111 56 145 18 129 29 140 45 105 25 116 43 73 93 73 120 110 139 88 86 63 39 67 41 135 66 127 58 102 84 183 146 40 17 10 20 10 3 101 2 140 0 159 0 169 0 179 0 185 0 190 1 193 6 195 0 197 0 198 0 201 1 202 0 198 0 200 0 199 0 199 0 198 0 195 0 190 0 193 0 190 0 185 0 184 0 181 0 178 0 177 0 177 0 176 0 172 0 172 0 169 0 167
